312 224 44 
492 275 76 
191 44 152 
200 312 303 
440 212 206 
250 481 183 
174 24 80 
111 240 315 
175 492 413 
273 497 207 
22 55 177 
313 46 452 
135 237 243 
34 183 301 
337 123 13 
42 373 240 
473 46 264 
52 405 250 
367 79 241 
279 98 485 
232 120 39 
410 434 85 
107 68 69 
350 349 252 
398 185 375 
411 475 247 
150 447 40 
415 499 445 
164 111 270 
152 390 368 
136 368 488 
175 23 167 
6 131 483 
75 227 331 
74 124 263 
449 34 237 
443 432 183 
483 346 181 
427 256 292 
196 408 428 
310 290 295 
43 465 319 
458 218 196 
186 293 423 
16 367 47 
25 62 328 
262 4 259 
191 233 351 
118 406 354 
156 348 261 
330 157 298 
125 200 262 
190 157 480 
132 343 19 
54 106 132 
348 131 441 
423 140 191 
428 77 424 
279 196 329 
379 98 176 
386 429 79 
183 300 280 
192 490 183 
418 368 26 
437 168 379 
316 16 256 
256 185 396 
448 112 220 
117 137 416 
193 15 260 
369 148 188 
195 331 488 
475 22 223 
157 441 90 
430 123 259 
308 439 21 
64 442 206 
206 135 64 
426 252 449 
87 445 210 
348 60 358 
35 255 189 
23 476 458 
246 132 398 
83 309 268 
342 116 206 
363 427 394 
315 133 28 
125 305 27 
73 139 472 
284 233 31 
388 268 32 
323 37 7 
281 30 387 
425 360 195 
192 201 311 
145 310 485 
38 371 117 
314 496 168 
341 69 307 
58 99 39 
90 487 54 
369 56 338 
377 337 114 
263 261 474 
458 200 421 
14 345 230 
499 129 100 
362 189 343 
277 29 158 
83 88 257 
370 425 490 
170 39 45 
254 416 128 
369 425 136 
88 128 336 
9 390 427 
486 134 302 
333 497 492 
175 273 267 
333 102 355 
336 218 25 
71 134 65 
364 389 227 
492 3 399 
374 338 26 
209 347 162 
382 79 297 
184 412 39 
422 86 312 
188 165 160 
290 0 125 
315 318 259 
126 181 147 
100 420 397 
499 293 235 
271 249 328 
434 377 407 
477 60 318 
15 482 150 
327 170 315 
233 206 61 
358 267 126 
117 140 53 
10 240 473 
154 485 12 
389 255 7 
463 435 384 
370 411 191 
434 426 419 
84 499 335 
145 232 40 
454 336 308 
326 199 448 
379 457 434 
98 110 418 
357 245 172 
364 207 354 
494 76 264 
431 10 437 
350 341 435 
184 232 413 
225 185 496 
279 10 194 
473 390 150 
406 234 6 
323 90 251 
241 200 459 
94 440 281 
105 371 291 
288 220 378 
222 150 110 
382 121 41 
377 400 52 
317 372 188 
468 23 422 
220 346 258 
472 334 458 
176 174 397 
457 279 267 
495 66 233 
372 35 384 
228 163 251 
270 39 151 
68 356 269 
256 69 39 
424 36 385 
181 7 218 
385 183 393 
281 386 418 
295 380 231 
274 499 12 
404 226 175 
155 242 214 
52 310 316 
67 65 132 
106 235 168 
492 162 422 
456 46 351 
94 74 236 
259 369 363 
490 389 107 
1 293 79 
176 194 322 
136 246 131 
198 313 444 
76 166 178 
491 404 87 
412 359 133 
262 200 207 
245 459 322 
107 194 211 
461 442 250 
39 364 444 
361 500 189 
239 444 248 
182 20 414 
106 10 317 
193 169 423 
73 431 122 
280 422 327 
349 28 20 
59 235 208 
55 275 71 
499 135 317 
187 120 260 
181 48 26 
95 155 284 
158 94 453 
80 167 129 
449 194 298 
21 42 72 
288 348 308 
496 403 82 
66 401 464 
383 334 84 
390 14 132 
416 356 33 
446 261 128 
144 87 41 
20 36 235 
318 57 23 
390 346 371 
197 87 19 
279 154 420 
243 283 500 
73 172 261 
205 335 363 
239 280 123 
113 171 211 
401 191 494 
383 8 50 
406 144 142 
23 342 477 
42 367 130 
209 356 413 
208 429 85 
469 381 166 
332 366 446 
455 479 363 
412 379 53 
405 261 308 
202 414 453 
90 437 40 
66 225 407 
196 434 263 
356 142 438 
187 110 64 
353 188 430 
44 390 154 
408 301 280 
207 206 287 
15 154 200 
214 244 383 
254 311 108 
160 253 41 
169 355 183 
354 41 40 
418 140 228 
348 432 117 
248 339 165 
27 292 371 
315 307 24 
14 20 14 
398 20 325 
252 181 325 
293 96 179 
477 196 468 
263 114 107 
237 208 38 
355 456 123 
266 484 416 
136 44 469 
407 58 236 
167 202 256 
493 454 183 
63 494 280 
242 216 476 
209 479 336 
63 215 290 
101 316 246 
472 81 476 
387 464 19 
101 116 324 
337 284 273 
340 22 473 
22 85 466 
48 73 181 
271 283 406 
106 92 121 
397 440 183 
389 411 265 
110 43 475 
376 145 91 
199 228 375 
218 67 143 
191 90 228 
403 385 47 
331 155 76 
236 8 168 
103 151 108 
287 39 18 
298 149 62 
272 24 454 
109 470 181 
230 435 249 
373 372 85 
347 274 470 
395 104 125 
471 87 380 
139 190 30 
494 223 69 
258 20 465 
320 39 235 
19 148 451 
201 379 385 
196 251 256 
27 345 277 
497 239 127 
368 456 214 
247 341 151 
23 334 374 
92 92 141 
303 158 180 
284 178 74 
235 125 453 
366 67 451 
369 94 295 
145 337 280 
272 452 235 
233 445 323 
384 469 156 
257 307 495 
398 110 153 
324 394 77 
399 375 449 
351 241 15 
47 356 356 
88 0 192 
368 18 390 
350 251 335 
172 134 303 
74 138 109 
69 282 466 
469 106 106 
292 4 481 
240 101 468 
1 149 323 
357 484 323 
295 352 88 
185 448 339 
19 119 220 
68 440 358 
177 8 139 
390 223 492 
496 14 496 
476 0 344 
190 248 493 
12 351 222 
82 146 73 
170 77 267 
255 343 386 
475 411 72 
78 334 80 
465 223 50 
456 218 311 
198 441 312 
41 130 59 
280 389 411 
1 471 303 
322 387 126 
88 142 469 
221 363 125 
293 442 459 
119 152 429 
416 354 393 
227 51 333 
285 339 209 
344 365 98 
0 113 315 
49 435 202 
175 269 344 
390 490 453 
14 28 140 
474 395 292 
148 310 146 
40 36 444 
120 67 29 
75 158 394 
173 158 6 
235 455 187 
437 376 457 
26 266 192 
479 280 221 
119 500 362 
157 147 171 
49 435 455 
494 54 21 
22 129 179 
162 49 84 
169 284 285 
102 467 160 
58 493 426 
251 217 453 
218 82 452 
79 240 346 
497 289 280 
197 28 80 
219 297 456 
144 460 4 
475 375 34 
259 477 0 
420 282 239 
91 32 203 
43 497 285 
242 322 24 
334 318 60 
360 15 88 
440 481 386 
141 371 91 
393 346 212 
427 104 188 
174 270 470 
159 108 248 
362 398 491 
147 386 312 
418 219 377 
224 78 138 
313 264 365 
445 406 235 
282 298 80 
494 471 432 
428 391 448 
144 50 55 
138 158 200 
129 51 85 
187 470 305 
63 440 129 
201 252 394 
65 443 45 
47 471 89 
374 210 59 
305 138 197 
500 282 247 
301 166 405 
0 295 203 
86 483 172 
391 292 111 
266 494 110 
159 305 299 
451 352 16 
39 226 226 
346 277 364 
42 22 392 
35 324 58 
186 324 99 
389 156 328 
307 293 120 
165 59 360 
275 465 411 
320 416 263 
336 201 235 
62 293 258 
172 335 281 
311 116 104 
115 303 174 
214 191 331 
289 499 123 
155 163 429 
261 184 394 
171 250 55 
180 333 256 
415 395 49 
173 313 130 
200 123 494 
304 238 296 
224 199 233 
54 488 478 
425 142 387 
353 403 317 
