399 79 
279 497 
476 119 
427 298 
95 376 
311 136 
440 120 
338 47 
24 24 
233 30 
31 462 
344 13 
493 225 
46 357 
450 458 
216 94 
283 241 
91 5 
106 264 
303 449 
139 113 
331 325 
480 168 
119 250 
439 352 
26 471 
59 370 
230 51 
342 276 
408 37 
480 370 
132 9 
357 470 
14 463 
233 63 
157 119 
423 489 
444 148 
156 309 
398 342 
160 424 
312 219 
39 288 
16 127 
63 170 
165 289 
39 297 
298 142 
12 58 
105 492 
368 8 
110 290 
497 301 
438 400 
109 81 
241 270 
251 299 
235 37 
86 252 
164 149 
422 75 
184 208 
118 229 
350 130 
33 201 
122 402 
210 479 
191 453 
279 376 
352 389 
203 92 
158 455 
391 139 
238 477 
391 148 
372 59 
224 56 
267 342 
31 363 
219 64 
311 87 
466 267 
65 404 
219 345 
25 71 
233 228 
410 137 
429 301 
276 166 
23 414 
61 396 
473 285 
198 486 
373 476 
348 91 
39 405 
425 252 
171 491 
155 137 
335 180 
455 314 
154 364 
451 83 
411 473 
496 435 
386 303 
76 358 
87 20 
343 207 
496 438 
44 281 
88 470 
32 6 
460 434 
143 40 
113 97 
100 14 
461 50 
97 118 
269 339 
52 155 
142 375 
259 476 
395 349 
182 136 
286 227 
417 120 
443 196 
126 148 
129 15 
188 490 
112 288 
3 320 
84 347 
438 353 
185 236 
254 73 
110 13 
296 251 
362 478 
133 394 
451 296 
13 139 
492 387 
287 121 
402 221 
110 261 
255 360 
80 85 
206 264 
185 137 
500 439 
211 356 
452 253 
106 59 
230 486 
453 428 
281 213 
313 273 
346 100 
140 247 
321 497 
7 76 
356 334 
408 61 
97 92 
445 343 
31 402 
198 229 
154 50 
289 385 
35 488 
58 317 
447 371 
336 292 
217 476 
286 38 
472 293 
361 327 
374 14 
134 471 
107 78 
314 385 
481 258 
113 134 
309 148 
265 344 
383 69 
407 329 
187 242 
368 404 
217 153 
188 435 
446 295 
261 319 
310 141 
36 417 
467 96 
301 447 
354 160 
327 162 
55 339 
253 438 
408 406 
12 341 
148 380 
245 111 
32 179 
46 479 
475 53 
43 30 
442 326 
447 408 
422 494 
100 276 
400 427 
184 455 
265 437 
392 420 
89 405 
260 237 
284 251 
94 317 
431 387 
41 405 
441 331 
181 128 
157 127 
35 325 
367 135 
100 266 
308 31 
468 320 
468 359 
486 303 
9 245 
39 294 
243 381 
357 173 
267 144 
324 454 
221 4 
81 124 
378 363 
450 491 
498 296 
2 52 
327 470 
118 41 
329 103 
344 84 
94 130 
378 337 
10 481 
9 23 
371 79 
478 339 
83 58 
463 207 
168 158 
197 412 
455 200 
464 281 
169 81 
68 244 
184 413 
329 279 
289 453 
362 299 
180 372 
322 50 
451 45 
389 281 
351 98 
488 18 
256 432 
430 210 
131 140 
238 46 
221 306 
291 152 
465 119 
177 253 
318 38 
298 498 
156 367 
295 354 
158 430 
134 8 
27 368 
26 284 
299 203 
240 430 
343 224 
477 310 
277 13 
462 488 
379 138 
241 196 
424 285 
441 79 
398 235 
433 56 
164 313 
64 439 
181 338 
469 226 
287 455 
156 129 
179 379 
439 456 
138 147 
443 16 
31 430 
459 455 
462 399 
281 359 
133 460 
415 44 
273 226 
483 200 
63 197 
426 96 
151 328 
225 330 
453 410 
31 90 
303 221 
353 335 
397 312 
35 358 
210 62 
217 344 
22 378 
134 295 
103 116 
241 413 
59 166 
8 210 
495 480 
40 447 
136 318 
37 439 
285 390 
19 182 
448 302 
286 158 
364 249 
248 132 
127 382 
173 477 
244 414 
390 303 
80 144 
12 74 
124 299 
267 260 
364 50 
198 148 
187 465 
76 134 
266 363 
292 376 
111 286 
8 485 
167 181 
462 157 
95 97 
206 175 
241 466 
496 365 
10 262 
371 374 
59 316 
269 246 
280 345 
380 292 
207 419 
167 65 
204 175 
49 118 
357 10 
21 198 
107 228 
119 95 
193 361 
206 203 
369 77 
324 428 
139 92 
173 165 
183 300 
457 137 
218 123 
202 168 
45 251 
32 148 
8 54 
346 362 
28 465 
457 221 
325 163 
170 440 
487 494 
368 125 
332 40 
290 15 
86 493 
152 304 
115 354 
219 160 
351 251 
54 105 
51 400 
468 79 
110 170 
46 181 
79 217 
121 65 
457 489 
437 289 
275 473 
304 362 
465 202 
412 327 
55 377 
233 152 
128 288 
258 426 
434 472 
252 44 
141 298 
472 221 
261 92 
32 218 
327 470 
6 349 
188 56 
210 153 
258 368 
226 59 
245 459 
458 119 
493 215 
44 427 
186 296 
217 74 
341 188 
295 101 
27 73 
319 100 
289 71 
449 478 
127 158 
377 131 
273 102 
437 17 
307 395 
136 46 
109 427 
473 42 
223 436 
363 63 
123 404 
164 397 
477 230 
498 266 
301 446 
243 175 
351 366 
306 123 
468 243 
140 20 
137 22 
66 493 
449 285 
281 171 
220 143 
481 344 
46 392 
487 270 
368 484 
35 168 
176 24 
89 26 
390 396 
396 103 
385 282 
123 268 
304 190 
6 252 
475 288 
170 195 
431 397 
285 224 
34 271 
494 402 
1 275 
317 424 
299 406 
