3386 4936 899 
1594 3032 3512 
4814 1528 1811 
4428 1129 4237 
4117 1336 1416 
4153 3006 2408 
988 4886 2815 
4652 725 785 
3660 2112 4656 
3937 2055 1717 
4966 1203 2416 
1627 2797 447 
138 3374 2739 
1949 3564 3868 
1948 2681 203 
3364 1833 3972 
1535 2821 3857 
112 3235 344 
897 1895 2456 
552 1594 273 
3033 2322 2240 
448 3950 799 
1658 4088 4173 
4397 1800 2737 
3264 3748 417 
3467 2875 2250 
3201 4410 833 
2057 284 4068 
3164 1181 962 
1383 2496 3320 
2419 528 641 
4659 976 353 
458 3398 4442 
4631 2794 2004 
2367 1058 1514 
2784 287 4389 
796 3489 4561 
1629 1308 4845 
697 235 1788 
2422 1618 4285 
1504 4037 4813 
2146 4459 1552 
2499 4917 4950 
2703 4547 2743 
469 2677 4564 
1984 1223 614 
2135 2020 4866 
1696 4412 1936 
2303 871 2171 
4092 4057 4552 
3376 560 4352 
3951 3469 3810 
502 1731 3726 
451 196 4035 
3958 666 2474 
3521 3413 3698 
4135 547 1480 
4763 3006 891 
1699 309 2526 
3870 163 1582 
3422 4302 2905 
3536 3252 1374 
2345 4518 3105 
1833 4969 4064 
1630 4689 4730 
4105 3210 3142 
3565 3107 4453 
44 2870 2458 
1698 4569 3530 
4224 4201 4456 
1568 3385 3757 
4474 1920 2772 
847 27 3052 
4715 1860 3783 
4541 3491 3472 
4271 3358 2444 
3175 1922 550 
2627 2729 4183 
848 4427 4514 
4378 4414 3715 
3834 1744 2862 
3353 1217 4783 
1887 2827 572 
4939 3304 2433 
4485 2845 1686 
2956 2878 43 
399 1052 1965 
1712 4443 456 
895 290 645 
408 4668 58 
4886 4264 2566 
2748 3380 3783 
3293 266 2373 
3865 968 676 
2060 452 4284 
3746 4171 2161 
4552 332 3977 
1516 2044 3419 
2735 3702 4472 
3381 4874 4902 
4202 4759 4166 
1767 3269 3308 
1313 1561 3574 
3686 1189 304 
124 3249 1519 
171 2758 1452 
2332 2309 1784 
2071 4589 3829 
489 2323 2530 
723 703 2403 
625 4906 2925 
4791 1672 1193 
3861 2985 3518 
3197 2433 469 
3502 3321 4481 
783 3492 2238 
2236 823 310 
4020 3658 4899 
3611 4147 2221 
1904 4871 3688 
69 1258 3593 
3757 1811 1027 
4951 671 4776 
4231 3868 2208 
462 2369 1291 
4943 3916 4783 
2944 1914 1369 
3254 1696 26 
3915 307 4936 
1898 2974 568 
585 3043 1826 
4941 2563 3637 
1731 2513 4308 
1506 2506 3176 
4477 2968 1307 
768 3673 222 
1313 1616 2899 
2682 632 4596 
2708 4547 4903 
2644 1445 3639 
3212 2030 2444 
801 2734 6 
4438 4465 3282 
3746 970 787 
2684 1209 4518 
3991 2740 3954 
4977 4054 569 
2875 1735 1202 
2470 206 1511 
3135 3613 2956 
1773 1824 749 
4218 3388 3483 
4987 2826 2947 
3269 1571 4680 
4056 4255 888 
4337 4008 4392 
3290 4747 3445 
4622 3385 179 
1586 854 1148 
3098 4753 4761 
1816 2288 2348 
2565 1505 735 
1047 2255 3561 
4757 523 894 
4436 341 911 
1087 4678 4920 
478 3730 428 
3923 4115 3813 
4865 700 430 
1013 4561 182 
773 1377 2470 
3121 3942 4739 
4620 752 1993 
3180 508 2516 
4075 4945 2857 
4986 1794 3298 
667 3035 2790 
1859 2720 1904 
671 2584 2605 
1101 4360 2165 
1283 896 4305 
4517 4780 3247 
4255 4399 3999 
2010 2579 4507 
288 2416 213 
3908 3164 2770 
2205 4595 804 
4996 1453 3524 
1899 2124 1871 
266 3989 1230 
3195 271 2889 
2499 550 2669 
745 567 2830 
4744 2577 1171 
13 3628 3587 
989 2536 2514 
3760 4741 2108 
4564 498 4324 
3088 3161 1447 
4959 3427 435 
1951 1621 1470 
4841 4121 2020 
3272 628 3351 
1101 1135 1690 
2273 1148 318 
1622 2900 2854 
4136 1659 3357 
2006 1223 3856 
1329 73 2779 
3540 794 1205 
4738 2745 3590 
1970 3348 3473 
4754 2382 4101 
3104 3484 235 
4794 1519 2146 
111 3141 46 
3728 3040 1705 
2085 808 3691 
1703 2138 3764 
4482 1440 320 
1449 1177 3829 
38 3148 2939 
3511 2901 321 
3375 1004 4568 
3610 1560 1086 
756 1672 4990 
802 399 3792 
3270 3247 4601 
1961 4950 1738 
1487 193 3941 
1808 1643 117 
1399 2444 4028 
4338 1718 1928 
4659 92 3695 
4226 3702 255 
1074 220 2690 
1064 1022 3852 
4856 55 2099 
4456 2016 2048 
1956 4266 3005 
896 1836 4648 
1777 3235 2854 
804 2573 4572 
2733 2994 4664 
2190 2220 4129 
3208 3294 4349 
897 120 1134 
4750 4977 1189 
1848 194 3968 
4659 2151 3996 
2663 3810 832 
3073 586 4067 
927 1391 2402 
1261 4887 396 
925 2839 3379 
816 1047 1672 
164 1944 1793 
1298 2456 2532 
3250 66 2726 
2980 488 639 
1976 3914 212 
2808 1987 1561 
2637 3677 3715 
802 700 3601 
1198 1625 2203 
339 2441 3250 
2011 3369 956 
4567 429 3413 
2861 3680 3479 
587 2422 4730 
1989 4398 3644 
2201 2968 1393 
4526 1368 832 
3240 2170 1532 
1841 4131 3158 
4807 4470 1361 
3056 2243 492 
4012 1810 922 
3187 433 364 
2429 1020 2786 
2158 3773 2947 
801 1736 914 
2194 1261 3045 
3789 4502 214 
321 2105 107 
4242 1911 4577 
602 729 1820 
1858 4741 4393 
2780 3691 4826 
3907 1119 1609 
2455 4040 1144 
401 4842 3643 
2079 2798 4905 
123 1587 168 
1101 1908 3036 
1208 1149 4947 
1548 2514 675 
3368 134 1178 
3523 2914 631 
4111 2583 1750 
1482 801 790 
2626 1202 1394 
1269 4044 4955 
1936 4931 2304 
2104 1794 4975 
139 3002 1123 
848 4550 4401 
2286 3680 4535 
4227 2965 3212 
4859 2076 1557 
2371 3558 2358 
3161 1947 4324 
317 3216 4130 
272 151 4060 
3339 3018 853 
3314 3920 4619 
199 4768 4931 
4600 2053 4374 
4898 1279 2338 
3872 1900 176 
428 4272 4498 
2787 3195 1444 
2873 3513 4660 
2002 4548 573 
1062 2886 3591 
2678 1199 2510 
3059 1399 3040 
3753 1761 855 
3126 2421 2897 
1226 1292 4798 
2166 2484 4069 
1663 1033 2263 
3107 3906 1538 
3529 907 1848 
4102 2732 4735 
3455 1173 1696 
1727 4995 3858 
4767 3747 1382 
621 2635 3803 
4281 3862 95 
4078 1790 3342 
3909 3453 4375 
1935 1559 3280 
3473 850 4187 
1084 4952 2682 
818 4169 3855 
3277 895 3849 
2898 1424 3359 
4280 2808 993 
3845 2088 617 
4703 1166 2407 
3044 837 859 
2418 2772 3181 
697 1245 4031 
647 3092 3982 
3329 3910 3913 
2946 2949 570 
2557 1609 1994 
915 888 564 
1909 496 2653 
2526 198 4582 
4934 3243 418 
1555 660 3954 
4737 2121 961 
3767 2768 4053 
3512 1859 3725 
2424 4805 1673 
2995 2361 3283 
751 3277 4934 
1316 948 429 
4732 4237 1391 
75 4170 4634 
1256 725 1056 
209 461 3177 
1170 4991 1707 
222 3502 3566 
3947 1689 3370 
1383 446 1494 
428 1960 533 
1124 4039 2244 
2317 4533 1480 
3708 4608 650 
4104 1627 2138 
159 1836 3362 
3337 3770 3352 
43 4755 2617 
4373 4465 68 
3505 847 1277 
4999 2038 3237 
1294 3162 2276 
3538 1241 1808 
18 4949 2179 
1431 4052 3806 
4332 4212 1404 
2693 3311 936 
1807 4117 691 
186 4252 155 
254 2757 1765 
1531 3518 3803 
531 4813 2727 
3570 4113 3969 
377 4894 4680 
3319 1324 3732 
2887 1418 3706 
54 4111 2779 
990 1681 2658 
2444 1867 1910 
3362 2885 4667 
126 178 3184 
4692 709 3759 
2419 4279 2872 
2150 419 2765 
1829 4501 4853 
1323 2388 1270 
28 3205 1144 
3570 4958 3588 
1228 2402 454 
3138 763 4102 
3567 1653 4281 
1750 1344 752 
1272 4526 31 
4144 1675 1213 
2671 4268 713 
3286 590 3864 
319 1382 2068 
2226 714 2026 
813 1942 190 
1267 842 1716 
1132 4409 3369 
412 1922 476 
1164 3194 1 
1958 3100 2440 
3934 1533 1707 
4648 4820 3060 
4274 138 204 
1342 2364 919 
4131 3940 3624 
83 206 4467 
1799 1338 4638 
931 2513 1559 
1407 4441 515 
2171 2161 4378 
4611 1095 911 
2080 1505 730 
903 778 1631 
1107 2883 4758 
2789 2776 3697 
1413 2859 4666 
879 421 1767 
1279 2115 42 
3602 3522 4483 
4117 1455 2407 
3495 1066 3502 
4406 3909 769 
898 574 1547 
3292 1682 193 
3812 233 2969 
3271 1646 1591 
2936 3288 2775 
465 4568 4890 
508 3169 3411 
753 3048 4866 
3160 2305 1694 
2424 2473 1366 
3193 4134 1940 
503 2425 4385 
696 1999 4619 
3665 269 2027 
1018 3206 1078 
3793 3671 1408 
3682 4942 339 
2855 695 3387 
3484 3855 1455 
940 2042 3928 
2306 234 3062 
4247 737 1249 
4394 2196 3249 
4012 1624 3518 
1802 2642 1723 
2880 1435 1157 
50 879 1098 
389 3735 2556 
4539 2218 2174 
993 3158 4216 
4922 1227 212 
3746 1236 950 
4995 629 3909 
3243 4642 532 
2524 2206 3175 
9 85 372 
1166 135 1251 
3028 1287 4986 
583 825 2966 
3520 2582 1887 
2735 3266 3114 
2948 2011 112 
4661 2768 741 
3569 1774 382 
4102 4298 3351 
3039 4307 3436 
3411 1236 4334 
4662 4264 620 
4648 609 2209 
3376 4130 4791 
1025 2627 3056 
4902 574 829 
13 997 3597 
755 4567 370 
1900 4431 430 
251 2469 4738 
3687 879 973 
3784 540 999 
166 950 2371 
3138 4327 2263 
2928 1114 4891 
1746 1016 1227 
2575 1029 2225 
1935 1784 2554 
3068 3685 1984 
3499 3936 4453 
3999 3385 331 
734 2931 1634 
1733 3098 2585 
4867 1235 2674 
2130 4927 3788 
2783 1672 4804 
4010 10 1596 
1997 2708 3380 
4551 775 2827 
1534 36 2525 
986 4035 910 
2080 4769 4604 
3715 2264 2701 
2062 2131 4700 
4736 23 388 
4286 2806 2823 
4853 1815 2833 
1448 3813 1303 
590 4126 2842 
4181 660 2878 
1705 2409 2676 
3378 4490 3207 
2982 3967 471 
1445 1028 3365 
1907 1526 3388 
2295 811 1193 
118 663 3771 
3714 2874 3346 
17 3465 2472 
2859 2645 3895 
1499 4350 1303 
4175 3491 1555 
2382 1472 1284 
3616 3680 2312 
2743 587 3838 
1130 2882 412 
3086 3763 1075 
2619 2477 3950 
965 2494 3177 
4200 1115 821 
3094 2614 933 
159 2552 186 
1715 4934 1658 
2999 4312 1101 
1074 2054 1688 
4912 3947 332 
1086 2795 4096 
2925 413 2335 
1874 2141 591 
813 1340 1706 
2397 196 82 
4093 356 2634 
4280 2071 3330 
1700 832 2641 
2801 1906 457 
251 2581 166 
584 3667 2961 
442 1591 4138 
3540 4228 1278 
4131 803 3382 
1599 3200 3578 
1681 2293 3934 
78 2335 1767 
3408 4035 3363 
1812 1836 268 
3032 2087 3612 
3199 3434 3042 
1159 4639 395 
1059 3178 386 
2338 3071 1189 
719 4670 4390 
59 2114 2445 
4757 2192 4780 
1523 1362 3814 
4886 3937 1412 
917 1969 4263 
291 930 3459 
3333 2852 3098 
3729 3912 2038 
4115 1249 109 
303 2731 541 
455 2790 2655 
3663 2546 609 
3442 4833 2735 
3019 480 1671 
193 2160 4403 
4456 2452 332 
2915 1547 3948 
1775 275 2859 
4576 152 4871 
4685 1219 2601 
989 2437 1153 
4407 1100 4463 
779 304 57 
3514 3323 1300 
947 3517 3461 
350 3735 912 
1445 2412 3222 
392 4187 3498 
3251 3763 4413 
3884 4210 631 
1484 198 3832 
3401 368 4932 
3626 1147 235 
3683 4661 4322 
4983 607 3601 
3443 1720 3098 
117 3929 510 
3340 4321 459 
2600 3335 4222 
2012 2218 4195 
3407 4466 4393 
2238 3629 523 
2932 2254 1670 
3930 1699 1330 
4014 1681 2701 
3377 887 183 
1475 1767 4112 
1985 869 4196 
2444 3469 2530 
2429 1244 510 
1623 413 738 
1778 3414 4367 
2302 1345 2383 
3972 1037 4082 
1065 51 763 
4529 3428 2413 
4712 665 4180 
3824 3413 49 
3782 1620 4281 
1311 4049 1287 
2584 1434 1700 
4086 3975 876 
4215 1276 2221 
1598 1011 3259 
679 2839 4073 
2205 2367 2500 
380 2841 3166 
4561 2427 1578 
372 1208 3198 
4653 3282 3009 
1703 866 4443 
3403 4952 4181 
4280 4166 456 
2263 1526 2230 
1284 2969 831 
356 936 3961 
3620 1317 1802 
1785 877 4229 
4126 2012 437 
3087 2427 3719 
1095 4130 347 
1301 3296 1061 
481 3338 990 
1700 1363 2516 
4694 2648 1247 
524 3004 2184 
4486 2386 3501 
2050 4171 140 
1278 4060 2152 
2478 2146 4579 
1960 4004 4472 
2307 1067 2767 
4132 1548 1104 
121 4012 3230 
3400 3705 877 
4648 4992 4645 
1831 239 2030 
331 2289 1964 
1234 4331 1023 
3386 2571 3932 
3727 4531 2935 
3198 2601 4003 
964 1732 1313 
2831 2616 324 
1061 1015 4792 
2701 662 4784 
3108 3256 785 
138 4350 3075 
2102 583 3168 
3888 4732 738 
2819 3459 269 
1516 1656 2870 
518 3384 364 
2595 1977 2980 
2919 3801 3995 
3474 1502 420 
3257 4610 4439 
4805 510 3789 
2879 3375 134 
1809 2262 4867 
2548 843 3325 
3580 2360 743 
2212 3641 4127 
2576 1235 1104 
555 4918 667 
312 3391 2169 
1495 2410 2542 
1697 2214 3052 
485 856 1427 
1382 2665 4452 
1248 975 295 
335 4555 2655 
1079 1766 2058 
968 4342 3294 
2835 659 3974 
3503 1735 2364 
671 3993 536 
3976 689 3513 
2791 1937 4369 
4218 3320 2797 
3669 330 3772 
4727 666 3327 
3144 2508 92 
202 3476 197 
3496 2074 1619 
3232 576 3354 
1358 2010 3110 
1894 986 3799 
406 3777 736 
538 3757 4819 
4098 3188 148 
2869 2915 1577 
1958 1821 4085 
2814 2023 3324 
3011 1281 397 
392 4513 1736 
4510 870 3746 
2619 3527 494 
2180 3934 4271 
2916 234 3790 
3497 4332 2741 
3646 2963 1418 
222 4922 3239 
70 2735 262 
4157 1508 1543 
4554 2663 1056 
1289 2172 2689 
797 553 1216 
1292 2734 912 
1325 1412 1909 
115 4910 1240 
3619 3555 4966 
36 4540 4887 
3275 372 3384 
3537 4529 4892 
80 4845 2555 
1899 1133 489 
350 2694 1043 
1566 3986 4540 
3241 1073 951 
149 1188 860 
2152 4807 177 
2118 4843 4718 
2767 3881 89 
1151 2417 381 
1805 3260 225 
4360 921 2122 
612 1272 4816 
2418 3601 4564 
1957 2605 636 
2908 2754 2588 
4532 669 2394 
4709 2787 3000 
188 553 2643 
1041 2467 59 
1422 4273 4083 
1647 3632 3 
3769 6 2038 
4347 2424 639 
3910 4381 3244 
4547 3052 1760 
2134 2583 2429 
290 2291 978 
4053 2480 2295 
1695 3521 4762 
1755 4943 4034 
1600 2352 3429 
1603 1884 3435 
3642 1230 859 
43 140 1002 
4050 449 4054 
1572 2583 1636 
4765 2873 4691 
742 2689 2170 
3037 4384 1453 
3562 1901 2158 
2595 3501 4510 
1786 867 1393 
221 271 3387 
1843 314 3527 
3608 126 3976 
2662 1698 2321 
60 1462 956 
4751 2968 3645 
2683 1767 3792 
4136 328 692 
2056 3687 4957 
2329 472 823 
4485 693 1094 
2871 3299 2171 
1397 1907 2297 
1135 331 4758 
3456 391 1220 
4413 905 4951 
3820 3588 1717 
2611 3487 2809 
4067 1305 1495 
4023 3634 1967 
608 3119 3424 
2465 989 2485 
4636 3150 4392 
2695 4285 485 
2452 3504 877 
4435 3679 2545 
4385 2498 1132 
1865 872 381 
4674 701 1687 
1931 486 320 
3898 1094 3439 
3084 3559 191 
1332 3957 3341 
723 2414 2625 
1972 4866 1891 
2849 63 569 
1156 210 3831 
2288 2075 465 
3433 2511 1166 
882 4442 1652 
1202 4103 3509 
404 2949 2830 
595 4281 2549 
4699 767 4963 
3086 2739 4828 
4978 1350 653 
1309 2506 864 
902 556 3702 
1367 3989 1213 
3296 4871 1417 
710 1836 519 
4219 3003 3469 
2811 3598 2749 
359 4059 4279 
321 2144 2017 
912 2121 3367 
1565 4194 872 
3192 95 1429 
1894 2226 1180 
3870 1284 1051 
286 1995 3650 
1569 1976 1652 
37 4788 1012 
3549 909 70 
2828 1231 2214 
4845 2906 98 
3975 233 4292 
4847 3426 149 
2038 1082 3138 
3219 714 4423 
32 1000 2180 
4445 2569 4919 
1096 3369 468 
2871 2681 1378 
2941 508 3372 
917 1115 1277 
1778 852 2273 
1832 699 698 
2745 3500 2543 
882 1718 3257 
1067 2513 20 
4010 1957 2589 
3929 3816 1721 
4397 1686 4402 
1537 389 672 
671 2070 2550 
2711 3848 3403 
4985 1443 4865 
682 4188 3364 
3989 832 845 
2245 1900 4121 
2265 909 1841 
617 600 656 
3101 760 3106 
2502 2297 3495 
3937 3732 1327 
1486 1442 938 
651 1426 2381 
515 2872 2331 
4643 1860 3163 
1250 4868 62 
370 2133 1735 
2211 3513 3098 
3631 1613 3858 
1736 4878 1918 
230 4577 649 
2321 1062 2091 
3259 2477 3518 
639 3755 1389 
2970 3397 4012 
1895 409 3879 
2721 780 1774 
4456 3754 286 
2553 2384 2662 
2174 4120 3302 
4092 113 2878 
4741 2434 4704 
1831 1455 2180 
1111 2094 1697 
3263 826 94 
2274 2721 1266 
1153 1204 2809 
3690 659 1563 
4740 3976 4710 
2401 1149 4593 
1466 1003 468 
4344 743 3665 
4047 3337 119 
1989 211 2213 
3687 3474 3802 
4544 748 2285 
809 2664 3490 
4382 1353 4912 
944 1092 4650 
1416 4257 1561 
1771 722 2564 
2239 65 4070 
903 4876 3170 
1022 2627 3381 
3998 1313 1854 
2799 1619 2602 
847 3192 1028 
99 2573 2382 
10 4280 4237 
4661 695 3493 
1984 2467 4978 
4549 468 43 
4381 1372 681 
2550 3157 3308 
930 2155 384 
2785 716 2003 
1149 1563 194 
2178 2425 2767 
322 2436 2046 
4559 2859 3505 
3052 4843 1734 
3029 153 2202 
3835 4535 3574 
278 2084 1731 
3587 3015 4649 
3971 1562 364 
973 2711 2691 
1931 4889 115 
4698 210 3314 
2507 532 1935 
1011 4347 1778 
3508 3138 2694 
709 1973 2228 
4284 2251 75 
1777 1600 3853 
1425 570 414 
2552 2307 3125 
242 0 3777 
1121 4698 4750 
4435 2967 281 
1370 4741 4628 
3911 3248 2766 
1604 3958 501 
4596 4004 3515 
433 1543 115 
4286 2968 1448 
4700 1282 4518 
3587 1525 4518 
3126 2646 4979 
2876 2843 2945 
3920 4976 3449 
4311 3886 1696 
2839 1253 1416 
3340 1611 419 
2617 2044 1962 
2732 1329 692 
4944 1791 1975 
4461 377 4263 
4742 3504 2671 
4720 2142 513 
3427 1824 489 
1875 1134 137 
3572 3973 1390 
750 3075 3001 
1170 692 44 
3895 4187 2136 
4588 4893 3927 
2325 116 4305 
1587 4858 3571 
4258 339 712 
4771 3766 2536 
1022 1404 4434 
1160 738 3406 
3313 1488 2244 
2077 2658 3699 
2121 1553 2885 
4258 1903 3541 
3947 4228 3657 
3251 814 3514 
1821 71 4616 
3296 604 3381 
1595 2390 4785 
1028 3550 522 
196 2625 2011 
3203 4702 431 
1901 2586 2747 
4787 1843 4650 
3327 789 4640 
2746 4804 453 
2022 2387 1287 
1637 1446 1892 
780 3804 4282 
565 4832 3594 
1850 790 1218 
4624 3994 1683 
818 894 4269 
3565 1443 1874 
3978 532 3426 
3617 3278 3229 
4834 299 1379 
1120 1936 2825 
3775 2717 1628 
3819 4045 2222 
3175 1657 3775 
156 2044 3531 
1839 2862 4426 
1107 2189 1631 
2981 1166 2927 
1406 546 1204 
398 379 2267 
1777 2262 4966 
364 1037 3445 
2755 618 3252 
739 3794 4910 
4514 4713 1953 
3808 1551 577 
3996 3421 2766 
626 1401 4696 
3553 3570 1004 
520 4731 1383 
2787 2270 3645 
3515 3397 444 
1960 1151 1826 
211 2653 619 
883 2930 1094 
3599 1737 2645 
4176 732 1065 
2705 2121 3229 
3163 674 2561 
4167 1957 2292 
549 506 4562 
4957 4021 2959 
1164 1743 4873 
2990 1955 2526 
4372 2838 455 
465 1437 2955 
3873 1375 3687 
4938 4080 807 
3929 2242 2244 
1489 1408 4201 
3781 2720 469 
3343 3440 4491 
2064 4604 1233 
1936 3356 3951 
4462 3490 2552 
679 3955 4752 
3634 3590 1126 
3083 3527 969 
3891 2455 3974 
1897 4707 1145 
1861 3488 3865 
2330 2593 3067 
1820 4657 3433 
3817 1592 1788 
3530 1817 277 
1081 2496 4995 
832 1893 3584 
2722 4976 2873 
3691 4629 1090 
3427 1526 797 
4572 3387 47 
4200 716 2640 
2266 3300 2296 
699 2879 4651 
3250 1408 1467 
4291 3253 4727 
47 4848 2382 
3632 3332 2357 
2267 2785 2749 
3358 1212 4275 
4918 783 3424 
4965 745 4903 
2604 3012 3202 
662 4474 1843 
1075 3486 4015 
3306 2776 3030 
3032 2824 2877 
1176 2218 1209 
4296 4485 3994 
2044 3605 968 
2081 4285 1752 
504 4249 3260 
407 2615 2034 
4372 4040 1507 
1978 115 756 
992 3421 3532 
4022 2215 2118 
2661 4154 4336 
4633 3449 4584 
4390 493 3951 
357 2574 3236 
2872 3842 3247 
1132 11 1625 
3166 4383 664 
436 1360 1542 
1192 3115 725 
486 2136 3703 
2605 560 2856 
2703 192 1305 
2286 4582 2561 
2000 4940 897 
235 3574 4739 
4245 4706 512 
869 2872 4896 
2297 4071 2018 
4602 262 133 
327 748 3032 
4793 4116 3592 
2649 1819 3785 
4717 4105 4129 
2277 1104 4831 
3937 2102 3405 
4439 1347 3110 
4951 2979 1744 
608 275 814 
2627 4878 1839 
2760 967 3351 
791 759 2466 
146 4171 4285 
4694 3887 4153 
3822 1926 1019 
4416 863 3122 
2820 1064 231 
1692 1014 3210 
4200 1623 4249 
776 4250 4889 
2616 2772 855 
1729 4326 2377 
4195 4472 1548 
4243 4165 1197 
3395 3750 3124 
176 3165 4750 
4061 1747 813 
4292 3439 2590 
3265 2638 4976 
3276 3415 4225 
3164 1793 2759 
4782 3522 2085 
2158 3479 2319 
4469 2721 2247 
1429 1878 1759 
4553 2055 4924 
64 1115 2433 
1640 1170 871 
4230 197 4273 
4206 3473 3450 
4193 2399 242 
2715 2180 3764 
562 100 3005 
2881 332 726 
890 1761 2604 
2649 2076 421 
3335 2140 2300 
767 3780 3470 
1639 3772 4430 
1674 3740 3665 
123 2933 1063 
365 1410 3243 
4892 1972 4106 
2896 4853 4438 
3622 1506 1961 
1989 4155 4037 
2410 2490 1176 
4710 3257 718 
3942 658 253 
4134 2332 3993 
2798 2455 2688 
3861 2820 4098 
2866 3474 1069 
1972 1370 1685 
2172 754 3191 
4134 3506 3108 
3933 1679 597 
872 1388 4618 
1590 1093 275 
2606 226 2608 
1599 3025 825 
49 2648 4409 
4148 514 2882 
979 3249 14 
3427 420 1532 
1617 316 37 
488 4250 1716 
1085 121 3868 
1465 2474 723 
1741 80 949 
111 2442 4737 
936 2491 2385 
344 2401 2899 
3990 4144 1910 
4004 2570 2330 
535 4951 3410 
1336 438 3422 
3052 1523 3543 
2682 3752 1779 
3405 492 2622 
117 1366 826 
4854 2302 4081 
2238 3410 2244 
899 2399 1387 
2809 2165 3958 
902 3464 3908 
74 4800 4346 
3496 3614 1631 
2801 1296 382 
342 463 1637 
2965 580 3003 
4554 1197 305 
3634 4198 4478 
878 97 2639 
2265 3669 4804 
1985 333 4030 
892 407 4592 
1000 4666 3206 
2632 2466 264 
3777 2809 1490 
414 1536 2071 
3417 1089 3268 
4485 486 2465 
4725 1364 3325 
2363 4392 2757 
2930 1377 3090 
1959 3032 4261 
2314 4033 4689 
519 2427 2155 
1546 1966 726 
3036 2380 3025 
869 1560 4114 
4900 1807 4600 
2365 1532 1726 
1452 4658 1881 
4972 2587 4021 
3062 309 2052 
3085 2623 1847 
2773 3905 36 
690 450 2003 
2179 4249 4383 
203 118 1705 
80 17 3513 
442 3145 807 
2932 360 464 
4813 331 3052 
4596 4156 4124 
2410 3003 1746 
4258 1539 1413 
56 2992 1863 
2059 171 1874 
2205 1137 2755 
3910 1217 2773 
3185 2423 1680 
3992 354 2803 
4457 929 3135 
3271 524 3053 
2394 2934 1056 
4903 2954 2595 
1315 3011 1349 
3178 69 1520 
814 3037 3421 
3570 2710 400 
2105 894 2823 
3785 649 3177 
2351 105 4869 
485 4139 392 
4301 1532 4090 
356 1434 2043 
3714 3512 53 
63 2452 886 
2346 3266 3923 
766 1835 1632 
1167 3940 3290 
4753 3488 3939 
3693 838 4807 
3561 2086 3945 
3954 1386 1239 
3806 2506 3436 
848 1982 1947 
1665 2045 4399 
2551 154 2664 
2236 920 262 
4632 2850 4202 
2921 2603 3452 
2622 1295 52 
2428 4856 2138 
2135 4572 4288 
3374 3377 2556 
2572 4989 4538 
4519 1653 2346 
3917 4967 2500 
2343 2965 4183 
2605 2596 2033 
2570 1279 398 
1021 3901 2456 
1074 2091 3074 
3975 4989 3409 
4025 4125 2548 
1580 1696 2536 
1118 1214 4952 
4227 893 4918 
1726 3237 2883 
908 1604 1241 
3704 4174 2521 
4865 958 2184 
2320 2795 38 
1157 1769 26 
4566 1557 4152 
2113 3137 1610 
4650 17 2825 
4601 4244 4481 
281 969 3480 
3927 2641 847 
167 2107 20 
2688 2735 1741 
635 54 4536 
673 1974 2068 
1462 1539 3625 
1376 3653 1761 
2987 4065 2542 
1574 4428 1785 
1817 471 3518 
297 4398 1921 
1144 4566 4791 
1927 3016 2525 
3669 3651 3343 
3967 86 316 
1034 2312 1856 
4659 3688 1271 
2183 2437 335 
4725 4011 525 
2272 1591 997 
789 1888 394 
2710 3795 722 
2501 721 3739 
788 152 3152 
4131 4120 4002 
4448 916 1313 
2066 575 763 
3337 3521 3964 
4435 3245 3737 
722 516 327 
2482 2069 2215 
2877 4779 1772 
3599 3042 3257 
3100 4594 3409 
1252 3724 3291 
1016 3934 4208 
3092 1762 545 
3855 861 4066 
2818 1058 2310 
1555 1781 3589 
2645 4263 657 
623 2902 1199 
2395 2264 3 
651 363 4597 
4824 2378 4084 
3877 3394 3017 
3084 1485 4780 
3629 1103 640 
3457 3921 1699 
766 1238 4243 
118 4647 3505 
775 269 2170 
2737 2664 4434 
2741 4079 4797 
3100 3902 2175 
2183 3541 1331 
200 1625 2817 
742 1016 3920 
2145 4474 3603 
3844 1002 604 
3849 1120 250 
3117 2659 519 
286 1158 3946 
4720 3899 3024 
278 1999 2688 
3216 4182 1229 
4548 144 3617 
3127 886 4633 
2046 3032 4869 
1411 2638 871 
2778 1487 2754 
3791 366 1175 
72 652 2334 
4019 1134 1995 
2805 1412 4757 
1256 4629 4702 
3248 4176 4846 
2627 2302 1495 
2259 110 289 
2891 2284 2927 
4525 825 176 
3041 4616 542 
4217 4689 1957 
2313 4470 3091 
70 3037 4504 
4828 55 4132 
4529 3303 4070 
136 929 1371 
2394 3952 2244 
2683 2605 4528 
1373 2129 1115 
2312 932 731 
3618 148 1182 
574 3224 1414 
3666 3295 213 
3932 3122 269 
3063 3413 4335 
2895 4312 264 
28 1706 4979 
2272 4389 2583 
2562 1524 474 
3678 3837 1406 
171 2454 2318 
1353 3028 1304 
3530 2456 4599 
3743 1387 3483 
4012 212 1895 
3347 3107 1207 
4374 3135 3676 
114 1169 3064 
3460 3732 4589 
4697 3172 4188 
1102 3343 1641 
4183 458 431 
487 3988 2888 
848 3493 37 
4332 2505 250 
1989 1614 4120 
3959 1750 2255 
2634 1864 4187 
1461 323 3681 
1049 19 1852 
236 1884 957 
2640 1830 2178 
3071 3080 1928 
1721 3928 421 
1759 3259 2926 
2772 1011 302 
1891 4970 2052 
4909 3367 3916 
4096 4828 1 
3539 1639 783 
1154 1875 2667 
2111 277 259 
52 3348 3339 
1980 832 2267 
2401 3354 1288 
1089 1125 2299 
1391 3779 3032 
3443 3688 2161 
3121 3546 1988 
3122 2847 3627 
3905 4001 1264 
2335 1112 1541 
2594 1927 651 
1696 3907 1483 
3963 1308 4837 
1013 2397 1724 
4076 4552 503 
2870 2994 4954 
30 1115 4262 
2018 5000 2108 
1407 4668 1109 
2671 2765 2984 
4975 1121 4911 
1388 2817 3817 
3635 2542 887 
4234 3556 4048 
958 2631 3599 
2224 500 2355 
2177 530 4233 
1438 3311 4233 
4309 4718 4663 
417 3151 2427 
4164 3125 3548 
4074 275 1365 
3654 3910 3907 
303 3144 2462 
4351 4102 855 
2949 1325 2118 
1067 4265 2648 
299 1465 1721 
4532 773 1438 
4194 1191 351 
1620 354 4239 
931 191 4515 
2296 3845 3424 
1965 4148 2330 
190 4262 1431 
1045 2973 3519 
3164 4040 3546 
1574 4340 10 
3296 4634 784 
496 4591 1975 
848 1973 3092 
86 2904 3283 
4601 199 2890 
3788 2928 2801 
1117 3118 2062 
3312 4926 34 
2593 3089 4075 
1139 426 4177 
1149 4485 3810 
1933 743 3400 
4671 1591 373 
2763 2441 4040 
1808 2804 4240 
4699 1591 2930 
2499 3472 1047 
323 1783 972 
1120 138 4825 
194 1277 1013 
133 3190 497 
3944 122 1240 
3106 556 3595 
4242 4082 1035 
3282 889 4602 
3284 1350 1193 
1213 4612 427 
3023 4935 2973 
3995 1055 3111 
4582 2012 151 
594 2146 3341 
1854 1852 4226 
3858 720 4782 
2452 4963 3863 
4250 3244 515 
3851 2290 1865 
806 3503 1477 
1233 1525 2174 
4969 1282 3229 
3080 864 1004 
3994 2221 3150 
2334 4839 764 
2322 3696 1484 
2104 1147 1446 
1729 1159 452 
3007 9 2742 
4873 816 1244 
2112 2812 3532 
4286 2781 577 
3278 1623 2204 
4282 616 4425 
3194 3713 25 
3958 1034 3721 
441 3901 630 
2651 1393 1789 
3103 4400 1799 
1608 34 3378 
3615 2909 1189 
2147 2195 4733 
3487 472 1355 
690 516 2734 
877 3710 2209 
903 2667 3244 
4624 3871 2907 
254 1521 62 
2043 387 225 
4605 1995 259 
2982 1372 3169 
4172 4282 1126 
3904 2768 2361 
1022 3458 2877 
4519 4336 2349 
1728 238 15 
734 624 3886 
3641 1641 1170 
3704 3685 2320 
3929 3289 77 
4951 2034 1449 
3882 1205 731 
770 871 3499 
3131 2656 2720 
1770 2175 2818 
4119 3903 3819 
4897 4637 4443 
4546 4040 1084 
1478 3506 531 
3798 3197 4583 
3875 3911 1616 
323 2792 3584 
1817 4326 218 
1079 2456 2874 
3799 4990 811 
1616 4871 476 
434 4768 875 
4877 75 4916 
1723 1553 4184 
2254 350 2381 
2600 4988 2054 
4216 1073 608 
3563 2891 4934 
3781 3970 2390 
1654 2768 3142 
2466 146 3012 
3705 580 3542 
4581 1219 3617 
4496 3706 932 
4442 959 2045 
2585 4322 2032 
4639 3538 3106 
247 2100 996 
180 880 728 
3333 3297 3496 
2237 1525 4405 
249 230 4985 
4554 4811 1966 
3934 68 671 
4866 4510 1631 
1911 2858 1715 
4706 2496 252 
2811 3506 3115 
4570 3687 4758 
297 2782 3818 
4556 19 342 
3960 1031 1335 
4707 1347 1908 
1673 280 2739 
2344 146 3012 
4738 2820 869 
1453 2525 3365 
2468 1099 1871 
1346 1431 1320 
1103 2492 4865 
4921 2047 4884 
1026 1770 1677 
3124 2239 3025 
32 3912 3305 
2771 2019 4214 
782 1756 2796 
2414 3972 321 
779 2203 2183 
3413 3549 3614 
495 4652 1105 
359 335 3916 
243 2124 1448 
2683 247 3687 
707 1042 3362 
4776 4577 380 
4752 1121 2899 
2548 3536 2634 
3632 77 4837 
814 3490 3385 
190 3985 3799 
2059 4344 4897 
1737 349 2020 
3185 3796 3031 
1871 4503 4073 
232 40 3649 
1375 4793 533 
4275 2340 4069 
1908 1734 4146 
2507 3311 3398 
891 3501 2382 
452 1322 2488 
349 3059 2838 
2369 1243 1633 
399 3878 1898 
235 4873 2702 
3884 1248 2494 
179 1285 596 
4248 3956 2330 
4156 1462 1403 
2553 3116 4904 
4935 3568 1989 
3186 3917 47 
1023 2049 1291 
3419 2448 931 
1079 2683 803 
3781 2330 2051 
2037 3272 3336 
3396 2520 3054 
1488 2438 4516 
2891 4992 2631 
3558 688 1199 
546 3874 878 
593 659 2927 
2647 4841 1138 
3578 1683 3821 
4382 463 1913 
2195 3264 185 
531 1659 3468 
4348 3148 905 
3864 1038 1659 
1494 4596 2348 
3456 141 1984 
97 1498 3407 
3024 4145 3247 
4162 2723 4930 
3746 2104 1156 
1421 4299 4420 
2369 592 1841 
1599 4941 4989 
2505 4567 1790 
4927 1823 2148 
2274 1042 3053 
21 1139 4551 
3428 4926 3695 
2437 4088 1417 
3130 3596 4284 
4286 779 4346 
4468 3912 700 
2071 510 1403 
2823 3778 969 
4613 3705 2793 
1760 1741 3835 
575 1762 4974 
125 952 4899 
3821 3390 4749 
1000 1519 4107 
1047 1567 649 
1155 1797 4561 
1855 3868 70 
3259 1690 3849 
4228 2065 3316 
2783 4589 56 
2380 163 1819 
2353 289 3534 
3015 4873 2686 
3526 1635 4205 
3396 2682 1534 
4808 4600 4094 
4368 1455 2962 
200 476 414 
4812 466 2480 
3127 3250 2068 
3184 629 2994 
765 3746 3283 
61 2523 3918 
2748 1811 553 
1952 969 3998 
4250 776 3598 
3343 906 815 
2067 1107 1291 
2482 1681 2520 
724 571 769 
3555 4518 2162 
1548 282 1670 
594 343 4956 
4512 3091 2529 
827 806 3499 
4826 818 4275 
4186 4924 181 
0 1991 2051 
2054 235 4495 
4574 959 65 
1106 276 4583 
4031 1824 627 
700 3181 1734 
1418 2693 587 
3947 3520 2156 
2445 4108 3737 
2483 3293 3661 
3427 4056 651 
1240 1872 1649 
734 1446 3371 
1563 2552 3647 
1908 1582 1233 
3299 3045 4415 
32 225 2107 
1382 4172 1389 
3539 2380 1260 
3038 625 315 
1698 4052 4372 
3112 1054 1243 
4761 1788 3452 
3131 4114 1766 
2540 1022 3348 
3774 4321 2155 
3188 115 3143 
1057 1497 2315 
2446 798 457 
4469 3837 1082 
4785 1297 896 
4919 4410 1950 
1924 4933 4501 
376 3064 3615 
2142 603 399 
1253 4377 482 
4171 3327 597 
2314 4384 2857 
391 2593 4419 
848 2061 3255 
2693 1845 4552 
3589 2526 4724 
1301 4451 4657 
801 589 2720 
178 2731 4086 
1340 4747 4226 
1822 4681 2552 
2419 1994 1936 
1039 3148 4529 
457 3996 2352 
4475 2451 4198 
4026 1039 2486 
4513 2340 1936 
4169 3904 2525 
2651 4846 1019 
2499 1185 1528 
1724 3008 1208 
39 1189 3965 
2738 2228 2112 
2266 2685 1870 
380 2159 4321 
340 1948 1122 
2827 1460 4225 
4763 1391 3129 
3051 4042 2974 
4833 1540 4922 
2123 4028 2929 
4095 4067 4119 
3822 1804 2109 
1697 4833 557 
4330 212 3479 
4414 553 1189 
535 4143 3412 
523 4668 4803 
4415 3481 4607 
2388 4076 1910 
2309 1199 937 
1001 1056 766 
882 4878 3333 
2991 2337 3165 
4311 1667 4140 
2790 1080 455 
4742 2378 4598 
3154 2901 4266 
2956 2315 2746 
3326 465 1822 
235 3538 3784 
1172 4539 602 
1938 420 479 
270 4174 3580 
4198 3485 246 
4100 2037 2089 
318 1778 4467 
4916 694 2368 
4944 3651 445 
3453 2739 911 
1037 2974 4449 
583 4909 4750 
1185 1846 932 
2427 2879 868 
1006 2839 115 
1252 2701 2152 
4104 3019 4694 
3571 3698 387 
1701 3641 4801 
2146 2856 2539 
3820 3893 512 
4031 238 420 
3780 1423 3029 
4712 3851 1670 
1343 619 271 
1458 2635 2973 
3611 1738 991 
4067 308 451 
4454 2772 4093 
4255 681 2711 
2556 4501 2367 
3832 3532 2605 
14 3074 4792 
3044 3549 3642 
476 4892 4261 
1511 1349 1895 
4484 722 4397 
1237 4789 4705 
1689 4243 3240 
1544 4260 3921 
17 1815 4184 
2384 646 2715 
4990 661 1552 
4781 4468 100 
4185 706 4992 
4208 2217 1340 
1866 2463 2063 
1262 3701 2614 
1729 1152 1856 
4969 3459 1115 
4652 3476 3694 
3836 860 102 
2313 1612 1526 
3865 2155 993 
3965 2102 2463 
4719 1309 4680 
1822 3175 2143 
4648 199 1606 
2261 1929 3521 
4118 2660 1979 
995 3075 1217 
451 1910 2077 
554 4986 4452 
2080 3851 1606 
3837 3578 3708 
1299 3297 780 
1741 881 3955 
3884 528 4918 
1252 2789 1846 
4773 1906 268 
2514 3665 3343 
3732 4116 1015 
808 432 1001 
1023 3276 614 
2629 2875 4192 
2100 4174 3251 
2880 1677 4132 
2597 1324 4660 
2514 2576 3212 
122 3112 880 
1154 625 4545 
4497 4357 4424 
1275 928 618 
2276 1951 3894 
3653 342 1768 
3607 3205 1704 
1858 1084 3382 
1752 4445 468 
2175 2721 3044 
386 3607 1155 
2029 4761 2544 
1574 19 2663 
1760 1294 3591 
2378 4333 1304 
2035 2985 2410 
4566 1592 614 
1270 4213 2462 
414 1727 1906 
882 4665 4627 
4689 813 3233 
1607 2843 3756 
4151 179 3776 
1813 1939 832 
1167 79 165 
3234 2114 3913 
643 1680 504 
2021 3713 479 
4483 4127 2207 
2151 771 2634 
2540 1222 3448 
1536 2829 1290 
291 2742 1469 
4830 318 4171 
662 1485 4250 
1590 481 1364 
502 1125 3807 
1770 3909 2519 
2249 4154 2408 
218 1304 3942 
3616 4607 163 
2063 1142 3756 
4116 2197 1497 
1347 2789 1815 
517 4214 4063 
4767 803 4545 
1893 2069 1432 
699 3839 1103 
3981 1850 256 
1388 2832 2323 
329 1447 1929 
1256 3510 3835 
11 3388 1794 
1508 4735 4583 
4087 251 4560 
3912 780 362 
3456 3437 2431 
650 4136 2032 
1753 3880 4646 
2772 267 2477 
94 1360 3924 
2787 2616 3196 
1621 3390 1583 
4178 660 1317 
4523 4747 2331 
4082 3659 3874 
207 2877 2310 
3401 4291 2209 
433 1043 1088 
78 4579 2118 
3318 4673 4241 
2241 2459 2619 
1199 4843 1008 
2782 4783 1669 
4862 4306 2178 
2955 4150 1599 
2591 4357 239 
4902 3521 4530 
2873 3954 1335 
4724 4795 913 
2604 3875 586 
1845 1115 3808 
226 3077 3651 
1235 858 3433 
3667 1482 3501 
1607 199 2651 
3970 2790 2770 
4209 3454 1290 
3738 1326 1006 
72 1812 800 
1749 4417 4675 
2335 1261 1552 
1905 1487 391 
555 3485 2012 
4752 2914 3494 
3252 284 3693 
1665 4254 2246 
4436 3462 699 
725 2199 2026 
1732 3034 3838 
3295 545 4017 
3733 3643 1040 
1047 548 2528 
1439 1866 1775 
3451 1617 452 
2708 632 736 
2163 3060 4990 
4409 2495 4214 
108 3984 2175 
2897 1478 971 
2497 4773 1517 
1514 4268 159 
2554 315 707 
844 2517 2574 
3383 1730 4954 
3835 4438 585 
333 1601 3646 
1085 1772 1903 
298 2643 886 
3236 539 2364 
4207 3800 2900 
723 313 2167 
883 3630 3245 
2353 4475 1524 
4927 2857 3255 
643 2454 3455 
1991 3550 818 
1399 4635 2591 
3303 695 233 
4952 3931 1536 
2316 3137 335 
978 4624 1411 
3908 1269 40 
2153 3622 4515 
4440 4312 3134 
3457 717 1350 
1912 2708 4900 
2730 4108 296 
1083 2410 991 
2080 2361 684 
3616 439 4585 
3951 2180 4208 
361 1088 476 
401 4004 4861 
679 3443 4935 
4576 2663 651 
1689 4575 3360 
1588 3067 3230 
2648 4151 1402 
3639 1230 4526 
86 4846 4966 
4671 4559 2908 
3878 682 3996 
116 1846 3762 
739 3288 2968 
1437 2864 630 
2851 4553 204 
1973 1903 3271 
202 4551 3184 
1604 3953 4414 
1130 4039 21 
1858 4472 342 
4766 3349 1024 
4525 4228 3634 
3286 729 1921 
1253 2166 547 
1883 17 99 
2850 1990 2766 
1121 2956 3079 
4305 4560 2794 
4482 689 2595 
265 2547 2066 
608 3076 1177 
2395 2600 404 
1028 885 1897 
2950 2902 4063 
3497 4785 4843 
4360 3398 2596 
2888 4519 551 
966 4586 110 
4524 4830 1563 
2118 95 4873 
4185 703 2948 
361 3861 1310 
1529 4890 2959 
3426 3602 860 
3251 2098 1407 
3857 2220 4805 
2215 870 85 
2766 2600 434 
3639 2123 263 
201 4241 1121 
837 4188 2587 
4548 4550 1448 
858 1841 1337 
4580 1029 4939 
439 4280 2799 
2609 3899 782 
3177 1113 1652 
3262 4642 4252 
4459 3281 1374 
4723 4245 1378 
1606 844 565 
4194 392 877 
641 2013 2718 
2741 1592 3747 
2679 2794 3790 
1240 402 3451 
2022 4342 4565 
3675 3367 4206 
3689 2825 3249 
63 3310 2494 
1441 4917 4101 
2769 4110 4493 
3647 513 1505 
1364 3254 3097 
874 932 890 
4664 2935 2056 
3114 4958 1397 
3441 3632 4764 
3410 3083 2589 
1658 3146 1661 
4915 349 1577 
4016 3119 1449 
3508 2528 1962 
776 4655 978 
3873 528 2673 
526 954 608 
3345 4832 565 
4742 3272 4960 
4506 1681 3042 
2857 4103 1951 
4518 4017 2300 
1858 3795 1181 
4070 3066 4472 
1032 3842 4127 
2010 3477 417 
4684 4766 1372 
1054 3110 1203 
1619 2852 237 
2341 3120 2682 
382 1739 2547 
2333 2019 2326 
396 3877 1121 
2340 3710 4187 
1812 4742 3791 
1701 2514 2267 
2118 2960 2796 
4253 4014 905 
1218 1395 3757 
1456 3736 2639 
4901 4119 4378 
2447 2214 2160 
4773 3373 1799 
893 713 508 
842 3288 1012 
395 4989 3527 
3426 2869 2249 
1221 2122 2026 
2126 3340 3421 
1646 4796 2920 
4285 458 2038 
4426 2905 14 
2348 3441 3388 
4147 96 4864 
4656 939 3151 
667 1334 3902 
4957 4760 1770 
2206 1743 3892 
4995 3870 2232 
4178 1278 2790 
2097 1325 3249 
4898 750 1916 
4913 3861 356 
4063 3008 453 
3926 2663 2155 
2839 4093 4252 
1740 4050 4775 
3510 2018 1517 
2402 2012 386 
396 1189 1664 
3949 4050 2990 
2197 3947 4503 
4877 4622 3364 
232 3684 2134 
1448 3372 4797 
3603 1210 3889 
2855 2950 3701 
2629 2223 718 
4146 387 3493 
295 783 445 
2722 4732 4495 
1474 2692 4204 
977 2568 3826 
103 3563 2509 
2237 11 1644 
2796 3614 2854 
2447 2231 1567 
1148 4860 3790 
2629 4769 4940 
1885 63 1485 
2330 2785 1979 
2587 4260 4671 
1790 999 3001 
615 1865 1564 
3888 4865 2338 
531 3423 951 
4148 869 3183 
714 2780 3805 
266 1172 3573 
205 3057 3636 
1690 1149 2184 
4433 3736 2206 
4103 525 3968 
2867 1141 832 
193 791 1459 
2531 1322 4882 
3482 1232 750 
2427 1947 4294 
1232 2976 465 
567 3945 4285 
4967 1397 433 
2150 829 4169 
118 695 4694 
4086 3562 1597 
4918 3755 2388 
2139 1285 4473 
2020 529 705 
2770 3720 3415 
2826 4952 2153 
3291 1281 1097 
3338 1247 2495 
3771 3397 4087 
2939 3515 4782 
3396 3363 3343 
755 4043 2860 
3907 1181 4145 
3379 3201 437 
4847 1734 4157 
4024 4560 4871 
1177 3614 1151 
3037 1951 2399 
1294 722 1558 
381 4424 836 
162 2819 4199 
4269 4338 3242 
2128 3244 4423 
2036 2385 2624 
2473 2995 4358 
2392 2018 4680 
2262 3958 3293 
3413 1995 244 
811 3289 1729 
3133 4433 1152 
3969 4596 4735 
3167 4627 4072 
1408 2517 3078 
831 4553 462 
4218 2788 3457 
4338 179 1238 
4017 2441 958 
2310 1617 2953 
3317 3191 2005 
45 1323 1437 
1960 291 1795 
1694 3459 2184 
1528 4867 4702 
4606 1460 4254 
831 677 2805 
4288 14 2984 
1288 4032 1188 
2247 2104 2805 
962 420 995 
3730 1228 3082 
167 3188 3373 
2725 645 1831 
4910 2173 2461 
4611 1779 3921 
4627 2610 361 
2431 2660 375 
1178 4712 169 
3129 1958 3036 
933 2920 4219 
2691 1650 446 
772 2580 3635 
4146 1067 4280 
1739 1739 2215 
4200 2112 4757 
3884 2502 3129 
4245 695 789 
382 1873 1263 
1315 1 3221 
4351 1697 1903 
3570 151 4316 
4779 1686 2658 
4176 1594 4489 
4218 3334 1227 
1433 3296 4103 
1189 2179 1604 
4319 1423 2299 
870 2569 4936 
2133 3884 699 
1116 3997 2397 
3782 3329 3311 
3098 3108 4997 
1518 2283 1591 
1006 1501 4925 
2997 2934 3220 
2099 4886 1162 
4466 4967 3348 
2527 1599 916 
2462 3732 4800 
3925 610 4560 
1321 4393 2888 
4632 3253 995 
4628 4771 4042 
1981 1540 542 
1905 4537 4239 
888 2398 4887 
2813 2626 4854 
1160 152 1452 
2077 3378 947 
2639 2302 2320 
2198 4386 2475 
849 4780 727 
1844 169 1261 
885 2151 2801 
2190 4819 3100 
2191 706 1260 
2078 4282 3886 
2694 442 4801 
4909 3282 3178 
855 1683 1242 
3939 4645 627 
1413 493 406 
2141 3100 576 
4165 4749 3490 
2728 1938 3308 
827 4893 4778 
2850 2733 4059 
2498 426 263 
2298 334 3545 
1239 1953 228 
3244 891 635 
4635 3067 1128 
40 207 4991 
1379 134 4739 
4869 2862 2440 
3940 4452 2332 
3717 2301 64 
2775 561 490 
3039 3623 1587 
2346 624 4303 
3337 3868 193 
3972 3502 4024 
862 4306 4994 
853 1447 128 
591 2079 2990 
3794 1018 3205 
1125 4735 505 
1952 3272 1830 
3205 2073 452 
4793 4420 1076 
4095 3519 706 
51 2491 4209 
4075 4116 4277 
4068 4969 723 
4959 1323 3565 
3712 879 4583 
1916 2005 79 
3184 3957 4115 
13 2925 1950 
465 2717 1369 
2304 2574 651 
3011 3388 3142 
2982 3225 3020 
2258 3056 2989 
3744 3014 74 
2309 1725 953 
2654 3641 3721 
3497 1825 3441 
2611 2601 1365 
4561 3830 4845 
1693 1133 3181 
2344 4144 1569 
1248 2888 556 
4268 145 3612 
3019 4653 1626 
3856 2724 4114 
4810 377 3518 
4293 3874 342 
2733 2247 3706 
4861 2571 2535 
4705 4264 3669 
3649 2370 3575 
217 3618 1463 
1536 3648 2371 
148 1667 2786 
2537 522 509 
1650 1094 887 
930 387 523 
2035 3883 2771 
741 4507 341 
3276 4974 367 
1944 3622 3500 
1282 4602 2880 
3508 1138 1527 
878 1286 3957 
3665 4586 4480 
4174 1998 1336 
823 2929 2486 
1347 4964 2132 
4881 704 1638 
984 4744 1611 
1351 2450 233 
613 3732 4835 
3493 2239 972 
19 3881 3021 
4740 3308 2606 
4219 3244 367 
1317 4068 3296 
3804 1177 3259 
935 1057 4727 
3336 2041 4470 
4947 4155 1919 
179 4768 651 
777 4023 3653 
2512 4042 3296 
1296 3781 1603 
4665 3762 4848 
31 842 4678 
3327 408 854 
2349 2106 2674 
2075 441 477 
2307 387 4632 
4226 1330 161 
639 2870 4184 
55 1144 3988 
3351 2440 3532 
4955 2105 3056 
564 2899 4661 
241 1226 68 
1858 4338 2174 
4532 2175 3378 
8 4482 3766 
402 4470 858 
1326 872 4491 
1272 927 634 
1022 40 3838 
4554 757 942 
3373 2084 4604 
3033 2325 1592 
3865 4946 929 
1038 4477 3104 
4417 247 3348 
3945 649 2818 
565 2738 4453 
55 4010 1142 
1452 32 1945 
289 348 2703 
1994 4484 4787 
1598 2517 2875 
3190 2144 2820 
4883 3945 3060 
2986 4124 3307 
2097 3831 4720 
677 4396 2457 
129 213 2230 
2034 2429 2262 
3979 2718 3373 
1681 475 2857 
2231 2073 1136 
868 1025 3280 
3688 907 2224 
2510 4657 1348 
817 2516 178 
1299 3193 337 
3756 4085 550 
985 1118 2979 
4010 96 1460 
2383 2541 1935 
239 534 4771 
1375 1402 1558 
417 89 2466 
2641 2600 2885 
4752 4180 400 
4931 478 4356 
1030 4997 3440 
2343 1745 320 
1085 754 1179 
2545 3137 3720 
242 4139 4254 
12 513 1418 
2333 930 2271 
561 4335 633 
3446 4086 4813 
4609 4779 1053 
4727 808 1049 
3166 3152 2794 
4249 4237 4312 
428 2544 2448 
4148 2786 1587 
4165 3561 2863 
582 893 4557 
3616 1455 4654 
4249 663 3739 
4061 1035 4281 
876 761 851 
2689 4691 4766 
482 3939 4765 
4794 4367 2308 
3005 4278 856 
354 4205 179 
3217 549 1836 
3536 4166 4054 
3189 3414 4717 
2691 3238 1514 
1971 4114 2276 
3585 1802 1966 
3351 3048 1667 
3115 3604 1797 
1186 2371 1074 
2805 2725 1041 
3748 942 1590 
583 4478 755 
4637 2667 4933 
115 1120 3170 
1630 3091 3046 
3906 1675 611 
1634 788 4422 
4064 4667 3025 
860 1615 396 
1934 4420 3121 
2975 3167 4826 
328 4513 66 
1846 4149 3496 
1778 4265 4616 
710 894 3469 
4520 562 906 
130 2959 1695 
4552 2022 1361 
3339 2883 2976 
4498 579 3158 
3382 4318 2088 
3207 408 1600 
4036 2254 1512 
2531 4796 776 
2909 1268 2433 
1377 787 3758 
2284 1680 1716 
4742 1994 4501 
1102 1096 3146 
4841 593 4489 
3761 3975 4569 
848 2945 4977 
2449 2743 2230 
3961 1037 2788 
499 3946 4057 
3695 1086 606 
2452 4133 3050 
4931 3874 43 
193 4976 1902 
3340 578 3259 
3591 4339 2233 
3159 187 940 
3135 3399 3684 
1127 3122 4721 
3916 3621 4429 
2972 3078 514 
4341 529 409 
2390 1222 4283 
3197 1415 20 
861 4755 598 
4120 3345 700 
1353 1503 1650 
3056 400 48 
2502 1528 3933 
2985 443 2553 
2414 4178 630 
3691 3518 1922 
4864 1671 3144 
4146 630 4559 
4167 1491 76 
527 611 4184 
1227 2727 1450 
2877 1545 1850 
3688 4048 3378 
2620 2795 4584 
935 971 4524 
2328 425 3805 
4250 288 475 
3156 4434 1868 
3478 3600 3359 
3554 4891 4733 
3500 1117 2459 
4950 4758 4768 
2563 3445 3815 
1703 1828 2372 
1287 2763 3344 
810 91 3769 
4615 103 4057 
852 3260 3490 
2720 2500 2853 
1842 1053 2743 
1574 315 4623 
4797 265 142 
4564 3591 3588 
4141 293 415 
1512 2343 3941 
4856 3917 4795 
3624 4294 4899 
3443 146 3921 
1933 3629 1420 
548 470 3236 
4054 2808 3551 
4439 3367 4579 
4582 2930 3169 
3169 2833 4226 
4347 107 2331 
4050 4964 1247 
3845 4350 541 
3743 3556 1450 
3426 488 78 
4846 1799 1312 
3081 852 4883 
2394 290 3249 
1973 4872 1941 
904 3803 4774 
892 3912 4881 
3224 2962 606 
4471 1806 719 
774 1311 4275 
2224 4737 525 
3066 4582 3087 
140 3425 4702 
22 818 4992 
4034 3554 626 
974 4459 191 
1510 350 4867 
2153 3574 2828 
3523 3808 396 
4242 4582 1707 
4279 2569 1443 
566 1397 1787 
3653 1537 974 
3354 2322 1792 
4108 1355 1109 
496 3092 567 
1451 364 1680 
1317 2517 1017 
4908 1802 587 
303 1043 168 
2773 1084 3500 
4979 1650 4897 
2528 1065 1433 
3502 4419 4518 
1056 4290 1635 
2165 4786 4727 
3495 1236 90 
175 3316 3371 
1955 3223 172 
2542 4289 1979 
3473 2061 3826 
1973 2802 476 
1869 329 2304 
4066 4594 1723 
4346 650 1775 
981 2815 1560 
707 1310 3560 
1561 2248 2638 
694 4203 861 
866 1744 912 
3608 979 3737 
2434 2952 1538 
2910 584 2631 
976 4650 2224 
2699 4758 2874 
236 738 1452 
1797 2209 2762 
1119 4533 772 
3757 226 4975 
380 1092 2481 
1293 4701 3460 
29 2134 2175 
2330 806 2759 
4961 1782 3171 
2948 244 2928 
1584 480 3667 
3036 3040 1638 
1560 4922 1170 
2332 3679 1396 
3069 4822 3251 
1312 1114 3714 
4773 1906 847 
2710 5000 2416 
468 4960 4962 
4402 3670 968 
2329 254 1448 
1758 3290 251 
4159 613 172 
328 2945 4614 
2487 1014 4436 
738 2326 1312 
4452 2861 3982 
1062 1333 3981 
3478 1801 4703 
4202 1965 3373 
169 57 4390 
1618 2578 2679 
2632 1737 3292 
2804 2065 2000 
2418 4553 3777 
2616 1053 1102 
3928 504 4727 
3672 1566 1059 
2652 807 3624 
2355 8 1351 
1490 178 1408 
879 2559 3987 
4321 190 723 
2613 3757 3551 
375 1937 3866 
4152 4553 4919 
1016 4244 1186 
742 2915 2752 
2565 1330 4322 
1951 3685 4331 
3302 174 271 
4711 1816 3593 
4460 1136 3783 
182 3749 3302 
4496 4887 239 
3362 4038 554 
4043 54 4798 
228 1559 3476 
3744 4124 4806 
3065 1837 4253 
3158 139 189 
3429 612 2005 
2021 71 3141 
1566 1016 2653 
4869 511 2539 
870 4636 1577 
1424 3679 1631 
1985 3907 3190 
460 3413 3077 
1028 1478 4914 
280 4636 815 
469 3828 1427 
2474 1611 2261 
614 3941 3277 
3267 4572 3789 
806 441 3424 
3146 1865 2865 
4777 3850 1772 
2966 72 184 
1805 1100 2425 
1719 2143 2824 
2534 3375 2414 
4725 848 4788 
1985 2226 3728 
1025 1255 3299 
576 2824 4503 
4763 969 1368 
2628 745 980 
162 4475 1816 
1109 1279 3679 
4298 3761 822 
2121 1295 4197 
297 1782 808 
84 4530 3034 
3813 554 51 
2874 1130 2876 
2377 1656 3845 
4508 4284 353 
487 208 4828 
3066 1317 1869 
1745 614 630 
2567 3498 2688 
2526 3795 4470 
4097 4643 4762 
2130 4218 316 
2945 2091 2209 
820 230 3865 
427 4738 3911 
780 988 4119 
1370 4054 1199 
4003 798 2576 
4633 4128 1074 
3083 2417 631 
3315 1513 273 
3076 4407 4491 
4155 2351 2345 
1364 3171 2575 
228 4361 3076 
4140 141 4064 
4021 1511 3117 
219 1276 4679 
2796 908 4569 
4633 4754 1985 
263 3068 3499 
1300 1907 3668 
1553 1061 1018 
4661 3188 4952 
2236 3417 4312 
1074 3319 4453 
137 2339 1727 
4017 3322 3003 
4458 1117 4675 
4027 749 190 
1774 1775 4022 
1035 3838 928 
4703 1154 2752 
1483 814 940 
1434 3813 119 
746 4887 3438 
961 786 1539 
3451 4804 4861 
2217 23 1740 
2654 4050 3252 
2844 1587 790 
1865 2622 4628 
3556 3088 781 
1308 4571 2359 
2248 1005 1171 
3130 2514 1058 
1567 4238 2607 
3869 2689 2410 
4493 668 2434 
1995 3322 2246 
247 1165 3833 
1037 3794 2218 
1427 2349 305 
2972 4420 4876 
330 2430 1643 
2264 559 4157 
3322 2889 3395 
929 2521 1846 
4102 2013 2514 
2298 4008 1598 
4545 17 3526 
4140 1817 2319 
1357 3245 431 
2425 1979 613 
2301 2309 3044 
3944 4573 4366 
3864 3658 2255 
3021 349 4776 
4867 213 2551 
3143 2512 1558 
4741 2819 2339 
3266 2721 4156 
1348 4842 2400 
2542 2266 141 
3155 329 2450 
1961 36 2786 
1327 3900 1443 
3582 1920 2555 
4120 1786 2768 
1670 691 279 
3991 431 3861 
1329 4460 1582 
1248 807 1423 
4411 3349 4452 
4553 2267 4782 
2002 4228 4818 
550 554 3717 
2756 4899 1399 
310 4781 3948 
3079 1450 4639 
4121 1204 69 
3745 3296 4529 
326 4544 1099 
2512 3955 210 
1963 4270 2477 
2507 2034 1705 
2324 2585 3022 
1803 340 2921 
3202 651 2701 
2912 4493 4915 
2550 4376 1881 
3382 3120 176 
3674 3446 483 
4773 1720 200 
4983 4447 4470 
3223 1953 1503 
4928 40 4088 
2949 1843 191 
1632 808 842 
96 3720 1097 
10 2033 472 
1891 414 3593 
2067 4088 2801 
3313 4623 4522 
3513 368 4731 
2982 3591 1683 
248 4281 1723 
98 2229 4330 
289 4625 900 
1894 4721 382 
2991 4731 2415 
4227 2384 3593 
2819 213 2680 
1382 3527 3066 
1666 2039 3434 
1396 784 2024 
3080 1032 1304 
565 1130 4296 
4895 2183 3920 
1557 4077 4403 
1940 2831 4896 
117 2057 2279 
3710 4876 2493 
2153 2020 1782 
218 3687 3821 
3652 82 367 
675 3925 2162 
2742 253 4056 
2037 910 1238 
1720 2468 1077 
1122 4408 3908 
1018 4525 964 
3297 3998 1602 
1552 1150 3623 
3334 1368 3072 
2918 782 3154 
3285 2220 2842 
1210 4962 3095 
265 2761 4005 
2266 4481 1472 
3343 1366 1642 
2251 2384 1930 
3978 1443 927 
580 3759 2077 
4966 2092 4208 
3037 772 4990 
1953 4821 2972 
4795 1030 2933 
3652 1295 693 
3420 4324 937 
4892 2666 2303 
2297 4917 449 
4227 4658 1892 
916 237 650 
3756 202 3506 
2963 4002 4278 
3715 954 4098 
1686 1512 890 
381 926 2185 
1074 4346 2271 
2774 0 4938 
76 2297 616 
525 2286 273 
3181 3965 510 
4594 2720 1475 
3099 1445 1239 
3140 922 2957 
3000 2608 4469 
3891 3752 1157 
1838 588 503 
4110 3363 503 
4047 3439 3563 
425 4728 1611 
699 3671 575 
1972 3264 4058 
4211 2126 502 
449 1028 2187 
3406 4028 4795 
3637 3681 4309 
4795 519 4897 
1060 4629 3259 
2326 4438 2461 
1651 4863 2951 
3262 1324 1621 
4600 3297 4885 
4420 3270 2773 
4922 3719 3801 
2108 2888 3592 
2665 1524 2272 
1973 2081 2791 
2632 3141 3182 
891 1229 3382 
4115 2880 3245 
2065 1141 331 
3686 1503 4391 
4333 922 2660 
2106 1606 2142 
1669 4477 29 
260 2141 2316 
2533 4877 160 
1086 2509 3301 
4269 4163 4531 
2650 3277 3173 
1657 1104 4315 
1989 4790 1580 
1379 4885 2503 
4803 2753 4109 
1944 4423 3586 
2736 445 1489 
51 2978 2129 
211 4828 400 
4276 4859 4563 
4569 3271 3602 
2741 4929 4706 
2818 2680 257 
4399 4822 904 
1901 386 3658 
1772 2330 3843 
1120 65 4288 
2610 880 3029 
501 1854 2856 
901 1129 2714 
1226 1460 1747 
4828 4965 1675 
295 2782 117 
1315 2943 702 
2219 606 1088 
876 2379 4182 
4719 3499 4247 
4007 1871 889 
2798 2372 2744 
653 4036 3873 
4130 261 1096 
876 851 1060 
3315 1146 4605 
4195 2461 3311 
4897 4681 3917 
1748 1319 2058 
929 1038 1320 
938 807 3954 
1828 3605 2089 
4572 20 1124 
4207 4913 1386 
1065 788 2237 
2888 4866 4147 
3256 4061 2370 
1566 4720 2050 
482 2230 4133 
3304 3159 170 
4624 4861 1740 
3577 1688 344 
665 2022 364 
2553 1991 276 
3939 3057 1827 
1938 944 1693 
1847 4963 1516 
4218 1528 1998 
2030 2774 4229 
1162 1077 3150 
2095 700 3010 
3835 39 460 
4179 1468 3245 
305 4021 236 
1344 3722 4056 
3935 1422 762 
1390 4033 725 
2906 3250 2253 
666 1042 26 
4895 2968 1866 
3045 62 3329 
1817 3898 3369 
2278 3839 599 
522 4908 382 
1521 2014 4867 
576 948 1288 
2102 2338 320 
2827 1006 4333 
842 1673 375 
869 2330 4106 
2735 1137 4168 
1064 2955 3828 
195 995 3430 
1557 1517 4100 
1939 3802 1113 
1805 140 2062 
3856 2242 162 
4940 831 1932 
4272 1674 3605 
409 3306 1697 
4515 1040 2835 
4446 2867 789 
4036 3825 1784 
2465 1144 4064 
1564 3083 3628 
3441 650 3769 
1265 4507 1773 
1427 4446 2605 
3359 4480 4279 
2726 652 2584 
186 929 4387 
3021 374 3017 
4573 4411 2604 
2119 2638 3749 
1945 4203 1831 
573 2643 3245 
104 3908 2751 
1877 1097 2959 
244 219 3201 
4523 3708 3853 
2106 3894 4783 
2256 2677 919 
272 2249 329 
2876 130 2968 
1624 2076 2933 
4219 3412 1338 
2463 4279 1008 
976 1918 2105 
3935 2163 3087 
2898 1685 1795 
1751 4555 1451 
2296 1810 4129 
3215 2082 1377 
4308 720 2271 
2275 2345 4347 
970 2326 3521 
2308 4789 2799 
4079 764 4717 
1946 461 2642 
33 4122 4328 
1828 872 3882 
4042 3931 1454 
3170 2146 4299 
310 1453 18 
2581 4491 3126 
2690 1223 451 
1973 4294 1002 
4772 3372 1766 
250 317 2990 
3656 350 2112 
2983 2941 3747 
2627 1983 2678 
4081 915 586 
3379 1225 2802 
4160 3806 2292 
2286 2258 3515 
3500 4231 2808 
4503 4765 1942 
2031 778 2259 
21 4434 3373 
2896 2416 2076 
1642 805 4822 
82 4886 737 
668 4027 1962 
3470 3949 1531 
1524 1234 3789 
801 497 3020 
4372 5000 3547 
1313 2030 4325 
4336 2814 3758 
2708 709 1936 
546 3115 2741 
368 3197 3389 
1105 4629 3178 
3830 3861 2127 
360 1148 4124 
4150 1949 4621 
2932 1321 382 
1478 3397 2413 
1566 2732 989 
323 1202 1699 
3023 1749 576 
763 2117 4536 
4916 3985 4927 
3856 2814 3788 
982 3175 4936 
869 3087 2647 
1252 1018 4731 
1635 3259 3128 
4811 4825 859 
799 911 2825 
3261 3934 4574 
3837 459 2453 
3373 374 1437 
3299 4231 4251 
2849 975 2425 
3547 2607 1274 
1194 3860 2292 
924 1257 1314 
4815 1067 1901 
1437 2629 2812 
4262 890 1745 
4598 489 2205 
2050 4625 3342 
3487 3687 3335 
3500 1535 4311 
1688 845 2680 
2962 2039 1539 
1017 3726 2796 
2331 3541 4626 
4232 740 2255 
2807 1 3145 
314 4599 4397 
2519 2411 4022 
1624 1660 2708 
4959 159 4243 
31 1847 87 
2712 4810 2889 
4251 826 2378 
2810 3920 918 
3198 3914 2421 
452 1720 2422 
4360 2798 2783 
3757 316 956 
2778 2703 2616 
485 2662 3538 
490 2693 1148 
1341 1167 957 
4993 1181 2546 
2370 3991 2228 
4051 2188 1904 
1471 3404 4388 
4656 2763 2185 
3201 2282 3264 
4157 822 967 
2535 2070 3629 
1073 2561 2084 
2221 4665 4015 
3941 4657 195 
2249 2790 4949 
4477 1840 2899 
1380 4075 1302 
767 3730 4829 
2952 1931 2110 
1979 1087 2933 
2946 3623 765 
2337 458 3326 
183 2679 3753 
4198 1619 4173 
4393 3868 1962 
4341 4107 4565 
3003 486 3639 
4305 2017 2369 
4896 731 62 
2769 2710 1149 
1464 655 534 
2229 3755 992 
1318 3939 4434 
70 3136 1052 
5 3292 682 
2730 3395 4789 
2295 1397 1038 
933 1465 3055 
4065 1360 4549 
4127 4129 2259 
1039 592 3677 
2336 3585 2432 
4092 4903 1370 
3525 735 268 
4578 741 3560 
1022 3471 1955 
811 765 4115 
2612 2462 579 
666 2289 2703 
214 2179 2594 
3236 3218 3950 
1913 1316 2534 
107 407 2436 
1477 3933 3171 
2508 4273 4675 
1068 294 3146 
3786 1868 4674 
3663 4480 2898 
4243 908 187 
2708 1886 2366 
301 121 1346 
4251 2797 2662 
1784 2904 3070 
4983 143 2002 
3154 2652 2037 
3591 3720 2331 
1736 3268 4200 
2173 1930 4442 
70 1935 350 
1020 4643 2236 
4149 4945 2357 
494 4195 154 
3920 1742 3821 
1989 1724 3965 
4754 640 1616 
1790 4232 1098 
4884 1730 4366 
4846 3903 2058 
4288 4737 3994 
4638 1519 3636 
1873 668 4343 
4993 1925 4301 
909 844 1042 
4731 3596 3529 
3695 4112 4170 
310 1664 4164 
2171 1548 893 
1536 1393 559 
3594 680 1058 
3350 317 2577 
2749 2953 3245 
2091 2946 170 
1391 3855 1777 
3196 4348 373 
1725 3042 4485 
1657 4115 1149 
1583 1285 2697 
2476 3584 4853 
3798 2941 533 
618 1290 1613 
3196 4802 329 
2203 1893 3275 
3136 4047 2892 
4914 3006 2240 
286 493 1044 
533 2913 159 
1682 4496 2207 
141 2734 791 
757 1532 4495 
2053 2913 784 
4429 1108 1349 
4758 4075 3242 
3032 2210 3051 
1687 2886 1819 
3927 3935 2312 
4971 4469 224 
892 1913 4720 
3100 2818 2454 
4654 3575 4749 
4148 1390 3424 
694 818 4533 
2043 576 4370 
1047 4371 2342 
4099 1057 228 
1680 746 4163 
3993 717 4394 
4980 2372 1307 
462 471 4888 
3679 887 4225 
4190 34 614 
2613 1492 1432 
2145 3535 2771 
2277 4583 2142 
4620 4444 3962 
4848 1123 4709 
4773 878 1188 
4167 858 3560 
1236 2083 4795 
1886 761 681 
1110 4951 1479 
2487 2563 2971 
3919 471 1505 
2453 2748 1850 
4595 3130 1293 
4319 2977 3180 
4027 3513 4058 
214 2679 678 
4538 4678 2761 
4332 1563 4285 
775 2673 4235 
2254 159 1798 
987 4841 3032 
2493 3056 1542 
105 3413 4673 
2162 2732 2649 
341 1758 1924 
161 2736 4603 
1603 2273 42 
126 1604 1605 
4412 3142 4278 
3646 396 199 
1206 2146 803 
4238 4639 3859 
780 507 2272 
1215 2669 766 
4627 3010 2524 
1551 3934 259 
1916 536 3295 
1959 663 661 
3564 837 3804 
3605 4483 4963 
4567 1452 2108 
369 1452 2510 
4992 2995 3017 
3026 4210 685 
3792 3837 4458 
1315 387 4154 
2338 2303 4691 
1395 4262 1116 
2057 2826 1953 
860 2193 2198 
1585 1759 3650 
4456 2129 102 
1965 2883 3097 
744 908 2307 
1429 462 1906 
1649 2540 2293 
803 4878 358 
1256 2036 4621 
2372 4093 3209 
87 715 401 
3048 2300 2160 
1698 1755 51 
2563 4484 3697 
1422 227 4605 
4492 2420 66 
1397 4832 2607 
4453 634 3247 
4812 2653 282 
194 24 137 
3403 874 852 
4567 3923 3915 
2489 1383 1433 
3304 3946 916 
2000 367 1906 
1605 622 4326 
2434 2019 4921 
803 1472 554 
4051 2046 3208 
95 2240 3995 
233 1405 632 
1848 1734 4555 
763 4223 1700 
2196 2526 645 
3875 289 1775 
780 2657 2397 
869 90 179 
789 1657 2414 
2106 707 4460 
313 1565 2462 
71 2561 3867 
703 4410 600 
1020 172 585 
2720 2368 3875 
4128 2005 4164 
1665 2785 1820 
4063 4417 2673 
4 205 4330 
2418 2312 799 
1877 3388 3128 
4339 4222 688 
3968 4925 97 
330 1707 269 
1678 189 3400 
552 4317 1167 
478 982 3953 
3061 807 3369 
734 811 4338 
826 3229 2412 
1626 868 799 
516 969 21 
1204 4937 708 
1302 1029 3179 
2334 2707 3368 
1497 3260 3448 
2664 4501 192 
2379 2562 999 
1511 4059 2573 
848 647 1564 
3260 3036 2432 
4822 3552 4164 
605 4757 4100 
2077 1821 891 
255 4155 3598 
3623 1414 2620 
2833 4842 2121 
3025 2220 445 
4787 3731 266 
2359 341 913 
4686 4364 3950 
2880 4949 2501 
2043 553 2257 
1905 2630 4078 
2796 2885 3996 
1394 2271 1172 
4014 103 1013 
1897 3892 3234 
2342 3678 2727 
2608 1800 3832 
3522 1485 3195 
3234 4366 3906 
734 1408 4460 
2992 3314 2852 
2832 1872 1500 
2590 3266 3771 
3763 3043 4637 
4776 702 4291 
3772 3045 2969 
2262 1415 4769 
1093 699 2016 
50 3933 1381 
3957 4668 3553 
4179 3422 2629 
2030 2016 4501 
3530 4607 3530 
3063 4132 1572 
3463 3907 3037 
3516 3442 1081 
1484 703 3260 
2015 1796 3959 
4795 1846 3655 
1175 1565 3322 
490 743 2506 
3119 3537 4522 
2620 2829 4891 
1912 892 4022 
4247 117 3692 
2283 3633 2133 
3365 880 2836 
2387 3658 394 
1345 3452 2240 
5000 390 4569 
4084 880 1074 
1589 4000 4611 
1874 2382 2440 
1764 4294 4095 
786 3540 4975 
4478 822 3607 
2373 4950 249 
208 2336 4671 
602 4445 3122 
3605 4444 3512 
3936 4291 155 
10 1642 4918 
4621 3516 2299 
2823 280 1592 
1917 1829 894 
1891 2069 1716 
1261 4442 1666 
2273 412 4765 
1943 1777 4209 
828 1144 4416 
4340 80 3706 
257 90 347 
174 473 3864 
2473 3297 4907 
4828 976 1735 
721 3631 4567 
3201 4892 4008 
4867 2927 182 
393 4871 1959 
4603 698 3103 
4018 800 3946 
2723 1058 4799 
3833 1995 272 
3459 231 4332 
3365 58 307 
862 1543 3938 
1191 4744 4592 
961 372 2519 
1143 765 3152 
3865 367 4613 
2731 4385 412 
1676 2870 2233 
1475 2466 4992 
2510 924 222 
1841 52 280 
2148 1677 1823 
1849 2869 1566 
2203 3830 2701 
4722 4974 3467 
3636 3838 3834 
3248 1568 3982 
3661 4008 1851 
1656 482 79 
1647 2992 1004 
1869 595 1819 
2913 3506 3496 
4736 354 1364 
2065 2558 194 
4766 3042 167 
3995 1678 4768 
2829 4926 2099 
1810 4349 1106 
4424 1005 2351 
266 3415 1105 
1270 284 1700 
3089 3960 205 
1584 4458 1323 
3712 1522 3881 
3906 2051 2685 
4836 1808 4363 
4603 4637 51 
1701 2209 4400 
3570 2396 1167 
1683 2662 4583 
2788 4695 629 
250 2783 4589 
1219 129 4046 
2542 3841 1331 
2185 2746 4145 
4870 3344 952 
4233 2947 1352 
4284 410 3561 
4446 4744 956 
613 1426 4381 
958 4978 4075 
1587 990 1857 
1938 2209 2750 
983 513 2353 
3077 2698 862 
2221 2568 4206 
3937 2563 2915 
288 2609 3326 
3849 2817 3069 
568 3430 257 
4949 150 997 
4787 2500 1988 
2406 4438 4197 
155 1184 4711 
3272 4261 3171 
4134 2245 1501 
3339 1181 4827 
1254 2232 2435 
342 1843 1015 
4174 2411 4445 
4431 3123 358 
1191 2909 2858 
3179 314 2296 
3138 1233 3480 
2848 4505 3503 
1782 4401 1510 
3283 3502 3454 
3110 518 685 
1307 860 2529 
2322 33 702 
2530 227 4588 
2888 1418 3259 
1508 359 4337 
3804 3497 569 
3046 2108 836 
2312 3890 236 
3822 2935 3738 
2276 1807 4257 
2961 3878 879 
1252 1199 1676 
1955 4492 2666 
1542 3142 4847 
564 4651 205 
4901 4217 3702 
469 2263 1572 
2068 337 461 
2304 4159 4160 
1804 2197 966 
1823 921 4844 
3466 2173 1806 
141 4891 1297 
2807 2196 202 
2653 2760 4853 
3621 2660 4069 
3085 3892 2094 
4658 959 2431 
881 4026 2353 
40 1592 4550 
1007 3416 1233 
1613 1881 3407 
3419 2785 4060 
479 591 2018 
681 4007 4778 
1296 3390 3200 
364 1474 2091 
3222 1131 3813 
652 2776 2838 
3768 2816 193 
3318 4586 3609 
4551 1199 1252 
3720 380 4037 
3543 859 390 
560 2303 159 
338 3599 3549 
4301 4727 785 
1392 3711 2680 
967 125 455 
3806 3894 3271 
3999 2211 2857 
3370 2524 4819 
384 2007 198 
183 549 1821 
573 1872 4124 
1495 2973 3486 
806 2274 3975 
2354 3666 3448 
33 4633 3573 
1251 4201 2466 
285 3962 439 
3905 3094 3727 
3723 4241 733 
3921 4424 2045 
1504 759 3917 
628 2254 1890 
4877 3823 4927 
4614 1177 3592 
3061 1973 3987 
1633 3225 3951 
4100 3510 3675 
301 2414 2532 
4028 1899 1772 
523 1582 1959 
2568 3087 2718 
2248 4478 735 
4901 4354 4558 
4827 3967 734 
4181 2027 2708 
3930 4423 932 
3643 4285 204 
3081 4587 3381 
612 3614 1042 
3147 4138 2624 
105 2468 1473 
2824 4716 950 
3559 378 1066 
3116 204 32 
4614 147 2822 
3084 4078 3008 
4779 2720 2292 
4983 800 1878 
4126 2175 492 
167 322 392 
3554 1190 2860 
27 4014 3339 
1740 3335 3717 
2807 2214 4685 
2839 1827 4832 
1424 4911 3909 
4432 4689 2392 
2486 433 3955 
4365 321 1130 
619 488 2215 
1774 4805 3405 
4634 4832 3182 
2972 1572 1516 
2452 4379 4493 
2136 2980 2082 
1967 166 2755 
1639 360 2443 
4031 2847 3639 
2985 2974 3960 
4878 4356 210 
2092 1129 15 
1260 1525 609 
4442 260 2944 
1720 2712 3085 
1213 4848 1828 
4058 2577 2757 
1813 4216 3118 
4256 3246 1727 
3658 1994 463 
2617 1871 4819 
3591 4727 1710 
4369 986 3235 
4978 1190 3495 
3685 3673 1969 
1769 4886 1816 
4360 3944 156 
2117 756 4372 
234 774 3381 
2724 194 374 
3950 3575 3008 
4531 2165 2734 
1240 1533 4483 
237 2273 672 
4496 957 108 
1464 3490 4994 
4044 2849 4700 
4200 4966 1218 
3571 962 2756 
1951 4449 3713 
3088 3398 2287 
1096 2928 4452 
4593 4168 1747 
4076 168 4021 
510 4664 740 
618 1127 4230 
1375 933 2079 
1837 132 2044 
3819 4467 3007 
2337 2180 2455 
1049 1031 1616 
3337 2127 4544 
3551 2482 4475 
298 1557 4643 
81 2831 68 
821 4212 1958 
51 1349 2892 
2893 3187 3787 
4937 2768 4016 
3706 104 1959 
1924 1153 2990 
3540 252 879 
3846 3804 3361 
3320 4865 681 
3725 708 4275 
3793 1529 3486 
751 2343 4836 
4406 998 3785 
3955 1698 1552 
2971 403 1656 
4930 3090 3572 
3682 2392 3825 
4561 2001 3391 
2921 1083 4018 
4365 4809 4726 
3639 4364 2017 
2125 877 123 
2723 282 1121 
1507 4238 2819 
3059 2971 3986 
477 2900 2838 
4812 1581 993 
3636 1904 2994 
2789 587 4077 
1806 4953 4648 
2294 4354 4012 
4312 1478 4889 
4435 4964 934 
555 1470 171 
4138 291 3142 
3123 768 1804 
1723 580 4148 
2716 4979 1814 
709 3531 2401 
4787 1099 3116 
4434 3394 2470 
4208 2705 4711 
4097 2902 4675 
30 4220 1907 
964 3357 2199 
4869 2242 3730 
1672 3966 72 
1582 1681 814 
3396 2391 4345 
1559 2940 1206 
4676 3136 4600 
2908 3107 3067 
2618 2203 968 
3055 2996 188 
4963 4723 3545 
2924 4591 787 
2416 2025 515 
2489 3607 2196 
4066 2765 349 
4173 4324 4052 
378 4762 2951 
741 2669 1057 
3808 287 4023 
4777 4105 2781 
4965 4830 2503 
4272 2753 2093 
821 932 4881 
1336 4184 4250 
4296 3249 2014 
4645 3184 2100 
4460 3562 1862 
2410 65 4531 
4230 3874 580 
4015 3650 448 
1795 3614 277 
60 3648 3794 
2916 4470 4726 
2796 805 3909 
2045 100 2920 
4059 508 1103 
1921 4968 427 
3783 3140 493 
4077 3132 4367 
4657 2146 3779 
104 4704 3155 
382 4764 1802 
4939 2679 1271 
4664 474 2077 
4335 2519 2940 
2254 2340 3448 
4120 4261 4178 
309 3807 3080 
1565 2883 1974 
931 2539 4120 
472 3407 3823 
3627 4552 4349 
429 4490 2027 
1700 4916 2501 
4540 4250 782 
2480 2266 3885 
1690 1385 3909 
1631 2457 2715 
473 4023 597 
2448 716 3899 
2330 1189 3068 
1153 4816 3382 
501 244 2871 
3292 2708 3549 
1555 2247 2798 
3101 489 63 
1985 2180 2211 
1656 4574 4669 
4371 46 4454 
730 3257 169 
392 587 1358 
3460 2503 1937 
1842 3767 2181 
475 2058 651 
4025 3614 2899 
2585 1714 3388 
3412 4462 1330 
1385 1118 903 
1816 1251 1713 
1269 1982 4970 
1439 3137 556 
3560 1596 3059 
496 4201 1826 
3441 439 4647 
4092 226 3260 
2753 2811 736 
1141 1985 961 
3234 3371 2079 
4901 186 3330 
2376 1456 1074 
2345 2895 4211 
3665 1454 1570 
2486 2714 1533 
74 1154 2735 
4722 245 2961 
3744 3762 1535 
243 4903 3520 
1204 3899 1890 
4046 3799 2077 
2375 1174 4296 
4213 4283 2953 
3423 3710 169 
755 1195 2883 
3052 2033 4037 
786 2517 45 
3748 2023 3807 
282 2266 4472 
3802 4233 3370 
1455 3278 2932 
3532 653 4869 
3590 628 4151 
1542 4814 3623 
1711 569 4819 
4595 3621 2614 
4394 169 130 
201 3917 2153 
4008 4962 182 
4242 3764 4415 
3375 981 2693 
2069 4513 4109 
1937 3102 4737 
1851 406 4550 
473 2117 881 
1054 1711 264 
3668 1105 434 
4561 1306 113 
1714 1077 75 
1896 1081 4602 
1310 4456 582 
4766 2287 857 
3874 4225 4722 
3610 1075 127 
3923 2311 2244 
4804 3366 3956 
831 2796 823 
1265 2357 2892 
2141 4834 4732 
2216 1729 813 
1817 3802 1031 
2399 3568 3319 
3256 3204 2543 
2977 1814 4381 
3104 736 2454 
1111 1302 819 
66 2896 4379 
1652 4924 1735 
306 2065 1568 
38 4281 4060 
851 1098 3624 
2645 4260 2954 
963 2516 1158 
4269 1255 2972 
4412 122 4471 
1866 1233 1535 
3448 2062 4432 
2826 3714 4355 
4561 4020 2182 
1891 4821 1463 
950 1434 3324 
337 4080 2583 
3291 805 98 
4449 74 2117 
3183 248 2239 
3416 2114 3472 
4952 562 533 
145 4151 9 
262 3712 4792 
2445 602 4613 
4671 2316 1809 
2994 2653 888 
576 943 1694 
1438 1155 2531 
3555 4338 2779 
1556 2754 656 
27 3468 1981 
1323 3613 1131 
1332 4638 4843 
1123 2082 1208 
1498 1752 4287 
3308 508 2702 
4959 1848 3645 
2415 3286 562 
708 2603 4901 
3488 4159 3417 
4907 4186 1884 
1887 508 496 
3018 2603 896 
3624 4489 2979 
4832 1750 493 
4881 57 1765 
2582 778 3613 
1989 3957 1898 
2552 4665 263 
2452 3915 4422 
868 3821 4370 
3515 707 640 
4011 3726 4006 
669 2349 3494 
3648 2943 243 
4905 2823 1063 
1669 404 1842 
1044 2393 798 
3705 707 1225 
3968 3159 140 
4152 4790 3961 
3521 3304 431 
4924 3077 4157 
3929 3747 2268 
2422 3157 210 
3429 3824 3796 
4492 1255 4963 
2096 2299 3118 
3657 1003 3826 
4883 733 2747 
785 4885 2537 
4746 4168 1603 
176 4854 443 
95 3782 4953 
3126 1967 3109 
4099 395 2696 
2894 649 3951 
2856 3509 2013 
1737 2165 3016 
562 2810 4513 
3309 3595 4397 
1608 4104 4328 
3212 42 4181 
4418 901 3726 
4370 4027 692 
3241 3126 1850 
936 1019 3262 
4888 4639 1770 
1900 1375 4699 
678 2700 3271 
190 1008 1866 
350 2617 1732 
440 1591 1774 
4621 1008 2675 
3346 1140 1702 
4801 4381 590 
1650 317 1609 
675 967 2010 
2445 3630 4148 
2906 4308 1847 
1177 261 2856 
3043 1374 1235 
537 1814 3589 
2311 2197 359 
749 543 1499 
3214 343 879 
3804 2757 1196 
1175 3432 2163 
3186 1639 792 
2333 4546 863 
4181 722 1887 
2799 3765 4024 
4797 64 837 
3385 2375 3797 
4507 3887 4340 
1005 2100 446 
1884 903 3203 
3844 2079 2397 
1769 1027 4036 
3325 3360 3581 
4951 3303 4303 
1837 1864 3830 
860 1660 3894 
2460 807 2032 
1256 313 918 
1359 1318 3019 
1805 3966 4685 
770 3572 1763 
3167 340 2790 
2965 3665 1913 
1546 3615 978 
1611 1214 2843 
441 2837 265 
97 1059 1073 
2129 3079 2149 
3811 4438 4231 
1829 2005 3196 
1513 3538 1767 
4040 1704 2870 
2592 4669 1535 
267 1977 912 
1246 3589 2127 
4089 4793 4964 
116 4890 1023 
1189 2782 4865 
4102 1592 4302 
3332 3421 2069 
2290 696 606 
4820 498 3073 
2689 3854 3504 
4224 4121 1244 
899 1129 4833 
3026 980 4625 
3752 1097 276 
537 3049 3058 
401 2150 4650 
465 481 3833 
2534 3534 292 
3903 3353 1553 
2738 1042 406 
1242 1028 290 
3249 1927 1419 
3081 715 2400 
3468 4468 4260 
3744 4 2308 
2565 1169 4459 
2214 1634 702 
1810 4932 5000 
2102 3834 3352 
4418 1572 156 
4825 3577 1185 
114 1825 3875 
2296 668 4591 
458 4136 4821 
4718 3642 587 
2026 1206 1756 
2247 4184 4154 
3712 993 4085 
3711 3858 2918 
2826 3275 252 
2982 3862 3829 
4167 4739 653 
3805 2035 1321 
4158 3256 1219 
4741 2974 4862 
327 762 1830 
2847 3772 1013 
2000 2483 2769 
1847 1957 2389 
4765 4783 1427 
17 2764 288 
4609 2694 790 
1025 2261 3588 
3109 1418 1843 
4329 1158 579 
4953 2248 1341 
1782 857 875 
3559 3620 4122 
2090 466 1078 
4480 994 860 
1669 1774 4387 
2720 1382 2080 
3510 3170 103 
2097 1279 1521 
4704 607 3442 
282 1322 1453 
2387 3867 2310 
3262 2425 1693 
2383 278 2159 
4224 520 3916 
83 2189 689 
233 4909 2835 
3076 4182 1004 
3180 2041 2283 
4701 1744 3653 
3906 2790 737 
358 176 4605 
3431 4201 2792 
123 2347 3070 
3046 1570 3590 
2724 1654 1541 
3414 2650 2213 
2011 725 1394 
3015 3905 4198 
1061 4369 942 
476 3274 4495 
1214 4395 4671 
818 2825 4634 
4373 3712 1980 
2443 2520 3551 
1795 1006 967 
3337 182 3617 
549 2193 4342 
2706 971 4010 
1903 2032 3378 
3608 3271 1651 
3102 4485 1808 
3535 1065 395 
3169 438 4107 
148 3644 2389 
4462 438 3396 
428 3775 3578 
4808 86 1534 
4913 2792 2505 
3922 458 299 
3062 4066 3570 
475 2168 3818 
2283 1465 645 
2678 4634 1083 
2548 545 4727 
4937 6 928 
4095 1198 4703 
3436 1768 552 
4970 1680 4107 
2474 1364 4565 
3536 4426 4394 
2868 4901 2324 
1685 2183 3789 
2331 624 4186 
4177 3172 4731 
3904 3871 499 
594 3729 2460 
296 2164 4229 
1611 2133 1671 
718 369 3036 
1045 4668 3224 
1201 2535 3125 
3525 4984 1070 
2314 2314 1694 
2262 1490 628 
1992 1156 4500 
3254 2513 3228 
1477 3573 1154 
705 183 4050 
3139 1664 4419 
1937 2710 4849 
161 3911 2383 
4049 3199 2366 
881 1275 442 
3339 3537 2696 
3967 1291 4615 
4229 307 2128 
2456 1784 700 
4373 3252 1646 
3422 1391 3311 
3603 4091 1783 
3451 4252 1456 
1597 4063 4655 
4726 4945 929 
168 3283 228 
3627 3012 1519 
3241 2241 1827 
1131 459 3611 
2594 4833 1863 
4241 3254 4017 
2551 2620 3107 
96 1070 3122 
1552 2667 2947 
1970 2393 2891 
2899 3324 1936 
3128 1950 711 
409 953 2952 
2999 2848 4174 
1610 441 4769 
4236 444 3023 
4015 3758 1405 
2121 3854 2475 
1005 1169 905 
3953 3139 4061 
2606 1800 2384 
305 4928 96 
1016 1100 1812 
4731 4099 4660 
3904 1471 864 
3673 706 2071 
2458 483 829 
3863 2605 445 
2100 4373 1614 
3005 3325 4753 
2065 1694 1553 
211 1999 2243 
1070 3778 3343 
2883 3508 3205 
3305 3174 4676 
4932 2609 1145 
2003 829 1628 
2832 454 4996 
3277 2555 4369 
4892 1322 3456 
406 4151 912 
1959 4362 2911 
4966 1195 2451 
4071 4078 958 
2275 2382 4896 
1951 3077 2504 
3859 79 4097 
486 3674 4551 
482 1950 2868 
613 2604 4954 
4832 3774 4104 
744 1495 4228 
4418 1460 422 
1869 531 262 
3590 2806 3408 
3485 519 1484 
1752 4378 2326 
848 627 999 
1161 1109 3712 
4030 2485 1316 
4746 2316 852 
4612 3823 2347 
3839 3241 3808 
24 872 4339 
286 4462 2907 
4457 3710 4190 
940 461 3567 
3266 1309 4194 
27 3233 1065 
3740 2262 3550 
818 2770 1629 
1670 2381 1214 
4017 1220 217 
3587 2007 1089 
3688 3056 551 
1595 2513 23 
784 4216 484 
113 3245 2556 
70 3272 788 
1135 2011 3814 
448 3592 1583 
2840 261 3965 
4054 4279 947 
4272 3628 3717 
360 2316 2535 
1674 4674 47 
2460 1220 26 
2944 1333 4034 
499 2166 3068 
2051 3302 842 
864 4513 4434 
3210 2352 4696 
2937 2168 4737 
4647 2202 3364 
3363 3326 679 
898 5000 1115 
1708 3223 2335 
2497 1166 4432 
1530 2429 1597 
4599 4480 4899 
440 1106 173 
4874 78 3288 
331 3016 456 
67 2662 2658 
4195 1788 983 
636 2686 1746 
1752 156 4969 
4850 2654 1897 
4281 4184 4326 
878 4545 4568 
1539 747 1436 
1713 1384 1515 
0 1715 293 
1219 2546 2955 
4641 2503 4743 
1386 3139 3191 
3132 653 3348 
3863 503 1001 
1523 4784 947 
1611 661 1255 
1179 2201 2002 
3378 4677 4149 
655 439 1627 
948 1659 4936 
4667 2062 2438 
4409 3448 1339 
3363 2343 1993 
1710 1205 2496 
3474 3491 3042 
183 102 4467 
1438 2044 1667 
4204 421 2106 
3352 1077 2545 
741 2788 4967 
676 2454 2791 
3114 1863 1239 
4454 988 3582 
2209 3461 549 
467 1934 4041 
3509 2117 4143 
2975 4319 1949 
404 4285 2370 
2510 2636 4210 
818 4141 1998 
1547 4817 4452 
4339 3694 2077 
577 3910 3065 
4922 1118 1525 
1233 1585 4222 
273 856 2102 
178 3832 1420 
2127 4236 704 
260 2509 4103 
4470 4090 4006 
2230 1399 3823 
1682 737 3279 
4522 2077 2951 
2587 1998 4069 
4875 3995 1416 
4860 4268 3035 
1961 209 1866 
4144 3099 1865 
610 3359 136 
475 3592 4989 
4482 821 1387 
4067 2503 2125 
2345 2788 4965 
1058 1137 2726 
126 1011 1720 
2305 1633 987 
339 3594 1959 
2969 3500 58 
596 4110 3417 
732 348 2008 
720 4830 3593 
2107 4659 1858 
4995 2766 4646 
4960 3824 782 
2685 4713 2557 
4405 2780 4190 
1154 3119 3547 
3114 1850 2809 
3935 2446 2682 
2351 3941 3030 
122 423 3622 
4478 3294 3280 
1335 3288 1045 
1744 4010 4869 
2526 2457 4581 
845 1861 2360 
35 3779 1241 
4345 2655 3855 
2153 1589 2063 
4835 4703 1004 
3627 587 2190 
2248 64 483 
527 1400 4535 
2335 3144 4307 
2203 1432 1764 
2546 2278 4388 
668 3076 3166 
2673 2420 820 
1527 335 2409 
3590 933 2112 
356 4560 3462 
2547 2571 3527 
3793 3098 689 
4090 433 4596 
3397 3399 1027 
923 1708 4068 
310 2376 2143 
3477 48 325 
59 1575 1424 
3232 928 2357 
343 1284 2679 
4568 4594 249 
3094 4150 3348 
3783 4002 4544 
4141 3161 3705 
931 4084 412 
4999 4395 2789 
2905 3634 2837 
3993 4456 175 
416 2687 1103 
2773 3793 3150 
1215 3361 3507 
1464 1454 2656 
574 1000 1657 
117 903 581 
4586 1834 4665 
4998 2596 4822 
2786 500 4218 
1386 255 3674 
2324 672 1360 
3427 4208 153 
2339 422 3514 
845 1887 730 
4264 3224 2493 
921 3342 3397 
2265 2927 230 
1929 3687 3589 
2514 2236 4089 
1731 3622 107 
404 1708 779 
2528 897 749 
2681 3236 1935 
1957 4082 4585 
3450 3345 2808 
943 28 1149 
102 2293 4839 
332 4986 4289 
4685 2499 1524 
4536 4993 908 
4643 397 2616 
1184 3688 3513 
1934 2131 1748 
3869 4088 1592 
3453 3300 700 
1260 4243 1491 
3173 4345 4548 
3774 440 295 
3062 124 2794 
348 4660 3549 
1256 65 3946 
4635 1249 3396 
3147 3183 526 
658 2814 4614 
3013 1266 2914 
4476 3290 2919 
967 1462 3027 
1277 235 3467 
1572 4061 4354 
128 4409 4776 
3677 1428 4841 
3386 1062 1853 
1781 4973 35 
2308 630 2850 
2684 4406 4879 
1360 3882 3168 
4280 4849 4630 
3069 1888 628 
2298 3460 451 
2414 3588 622 
2189 2264 2050 
2793 649 3876 
4646 3194 3848 
443 501 4478 
4056 3948 3883 
3935 308 3527 
2102 350 3375 
2495 3419 262 
3123 1479 4485 
4337 3893 3072 
4959 1844 1099 
2009 4637 2511 
1647 44 704 
494 488 1968 
734 306 1679 
379 4241 1987 
3907 1343 3100 
2281 3838 2281 
3307 2723 3760 
2791 2059 2652 
1626 2780 4496 
3488 551 4896 
1761 2198 4940 
2466 2692 1190 
196 3426 1497 
1875 3806 1500 
4625 2712 3606 
2724 755 2443 
767 4825 928 
4527 3379 3750 
2941 767 2293 
3200 4255 2844 
3095 1015 42 
3797 4244 3497 
750 203 2686 
3010 2078 2254 
4510 2466 728 
3116 952 1483 
1321 1720 2071 
3013 1246 449 
2525 4951 1216 
4818 3150 1233 
2662 2007 2248 
3467 803 1492 
2726 2316 1695 
1174 325 4536 
3428 598 2001 
4156 4477 2954 
1402 1560 436 
3473 4573 2445 
4685 2861 2395 
900 2678 544 
2133 1102 3314 
143 331 4118 
2398 3058 2196 
4093 4232 2522 
4392 3423 3883 
2155 2578 3359 
871 4743 4919 
1307 3978 254 
3753 3662 3115 
1147 324 1555 
2455 3220 2658 
768 3364 2989 
648 761 1809 
2845 617 1804 
1129 771 226 
11 2926 3567 
4133 3798 3310 
4814 867 2287 
67 4620 1712 
3945 1530 2036 
500 4748 256 
3921 1278 3620 
1909 1927 143 
4482 534 760 
1285 2426 1531 
2274 2437 220 
840 2332 4018 
4913 2145 647 
2963 2976 267 
4675 2683 1797 
1710 3183 2307 
1966 2103 3585 
1348 4776 511 
1492 19 1808 
3015 1304 4234 
309 4341 2433 
529 943 4765 
309 856 2673 
956 4582 1411 
1986 4256 4094 
3783 965 3040 
1089 3695 905 
437 42 680 
948 2297 699 
3520 312 2766 
2753 1384 2106 
949 1913 3813 
1476 2985 431 
4912 3941 12 
1322 927 4268 
1179 472 995 
4219 2325 4690 
123 2762 495 
1567 4473 3555 
3029 2992 4630 
795 1508 1013 
3664 3220 3689 
2476 4696 1673 
2907 4608 1377 
3682 929 2304 
2949 2871 3539 
3945 2089 1626 
4397 2976 4388 
654 4543 4624 
4973 2571 3378 
4602 4129 4886 
1378 3556 3868 
66 1794 3564 
2503 464 3171 
3880 4146 4863 
1946 2095 2734 
1247 1802 585 
2874 1961 3561 
3024 3379 3866 
2647 3351 2200 
1025 3715 2091 
1673 92 646 
541 922 2441 
4105 3425 3668 
3038 2304 2813 
3663 12 670 
2159 1259 3235 
3508 4133 196 
2068 2920 4338 
1697 566 2688 
4660 2354 1402 
1750 4028 2258 
2397 331 3180 
600 198 1604 
4268 3236 4671 
2843 2661 445 
3514 4821 2467 
1748 3328 2363 
2707 1158 282 
2044 3618 848 
494 3277 3203 
2660 790 2993 
4918 3187 3324 
3860 4550 3522 
463 4580 2520 
896 2422 180 
2104 935 763 
4571 3447 4854 
1933 1916 1775 
2215 4724 1155 
3827 217 4433 
2029 2877 222 
21 3557 4172 
4108 2416 4484 
2629 3642 4063 
148 300 2247 
1091 2404 3946 
2618 1975 2392 
2471 4671 70 
8 2649 4794 
1164 1475 11 
1359 4267 3651 
1581 4288 2208 
1515 4158 4624 
1761 1786 4029 
1586 2697 4329 
3833 4551 1733 
2778 2168 4471 
932 402 4904 
1003 410 2552 
796 1574 4027 
807 2933 3293 
221 276 3343 
2429 2554 2500 
2815 4315 48 
1843 1663 3508 
1935 496 3059 
4431 3274 226 
3901 4207 628 
4567 972 1802 
2119 1768 4139 
1908 3339 2072 
201 3560 3111 
4307 1751 1428 
1807 4566 1505 
2618 2172 3169 
1126 4107 3665 
4185 3537 2701 
173 3200 2670 
1565 3529 3642 
3367 647 410 
2505 2556 3749 
339 3520 3071 
4214 2826 4822 
641 395 4387 
2146 3014 2321 
314 4140 2190 
4742 4087 1489 
2443 4260 451 
112 824 3981 
3755 4954 4628 
4928 2459 2946 
3676 3561 1465 
1746 2774 4292 
2330 3415 4687 
2479 1324 3463 
4801 1638 2602 
2753 1380 2451 
4243 4586 2474 
4694 4698 4061 
4437 4215 4015 
4828 4142 2236 
2773 2817 796 
1 325 4334 
4293 3418 3511 
4742 897 4835 
3205 697 2236 
1569 4213 4379 
4784 3455 3964 
2257 3912 4424 
1317 3348 3639 
1094 3938 2780 
3330 1711 1360 
4890 1712 2448 
4223 1767 866 
3496 2271 1763 
3331 1238 3223 
1329 3571 2435 
707 3354 1653 
433 1373 1327 
4857 2690 437 
4258 3785 4376 
2038 2877 1849 
4161 2766 3561 
1608 2751 1090 
3237 1247 4124 
5000 340 362 
3985 1669 4696 
2183 3139 3049 
3836 3572 4422 
162 4191 2874 
599 3449 2421 
737 486 298 
2586 409 3827 
1146 2017 2341 
2999 1017 3588 
2123 1779 4691 
3248 764 1359 
2943 2947 4498 
1754 2545 3069 
1938 2707 2259 
574 4069 1470 
2996 4807 2719 
4057 2392 3128 
3646 4302 908 
986 3063 1925 
336 948 3704 
26 4196 4468 
2148 2901 3177 
1645 4655 721 
476 2355 4191 
3499 2930 3260 
4969 925 3829 
2688 744 1983 
1578 4390 1284 
2486 1139 4348 
4411 1475 1058 
3115 2265 254 
3345 4413 3918 
2285 1058 4336 
3006 2297 1690 
2960 1558 4620 
1982 1527 1307 
810 4978 2051 
2793 1555 2204 
4841 4805 3343 
4951 4215 4818 
1008 3092 2082 
2025 2200 2258 
943 4485 4079 
1041 2490 1375 
2731 449 2934 
2351 3194 223 
4421 4004 963 
1472 2560 3281 
3676 3163 3085 
2781 3113 2300 
2598 4884 1154 
443 2672 3354 
2701 3615 2838 
1779 418 1091 
3917 3149 2303 
2613 1262 497 
2836 683 263 
4562 2918 2823 
2843 2356 1748 
927 136 4861 
3990 3497 507 
907 3940 3179 
4261 2403 2556 
2862 4945 2974 
3953 4625 1122 
2018 2237 3148 
2515 836 3831 
3542 397 2511 
2127 4003 4867 
3876 4931 765 
4499 4683 4262 
5 589 3965 
3184 613 1367 
739 3475 2075 
4476 3190 1699 
598 207 3936 
4509 3486 534 
4102 2027 932 
1612 4154 4935 
2241 3029 627 
3006 2528 1073 
2267 3296 2425 
1231 1480 3038 
3362 2982 1512 
436 2458 464 
2898 3819 672 
1833 3327 4158 
2368 2428 1947 
4063 4803 1100 
4760 2043 4893 
1150 48 3183 
2223 3078 1478 
4648 72 2958 
3449 3434 1703 
723 4633 4924 
1188 2530 3742 
1860 125 2831 
1780 3256 1021 
3727 2318 823 
589 2841 2866 
1244 3991 3677 
4427 1213 2517 
905 1623 2589 
4626 834 1785 
2091 1558 2180 
2014 2746 472 
1518 368 598 
4349 2911 4617 
369 1637 1935 
1955 2989 4776 
583 4234 4529 
22 4423 741 
2540 327 3127 
891 716 3962 
2677 2807 1282 
619 584 4028 
1092 2102 158 
2453 1451 3069 
2069 2583 468 
4767 4539 4220 
4542 884 3453 
4070 907 2876 
573 3447 3966 
4464 4338 444 
4188 2777 4015 
469 3397 4599 
259 251 2463 
417 2704 3914 
3486 4773 2260 
4717 4540 2561 
3936 4844 3445 
3152 4677 4352 
1027 1012 2798 
755 475 2899 
1963 4663 675 
977 894 4835 
1338 1153 85 
3801 2333 2789 
3478 1581 3325 
737 1297 2864 
3298 233 3470 
2505 3385 3146 
1857 174 4159 
417 1692 4634 
3316 3655 59 
4755 394 1716 
351 2495 2870 
1200 1296 965 
4752 536 2547 
3076 1273 3844 
1702 333 4840 
172 2838 3987 
3318 457 4161 
2476 875 1616 
2873 4954 1033 
3695 470 2191 
410 1585 4686 
4043 2785 1744 
8 2536 2280 
3318 612 4316 
2161 2314 411 
2764 2486 4013 
1750 1567 4470 
1674 4806 1107 
3290 2678 1824 
85 2135 2294 
2276 3309 4642 
2725 3114 2426 
4469 3885 4963 
