743 926 
727 966 
322 626 
683 972 
45 210 
466 851 
434 829 
992 886 
313 347 
671 943 
290 469 
289 867 
983 512 
960 446 
361 399 
58 104 
324 475 
69 336 
100 442 
998 837 
652 154 
687 85 
983 678 
661 296 
715 331 
238 5 
490 217 
872 473 
730 521 
919 90 
920 667 
194 935 
142 954 
270 933 
85 959 
769 737 
112 455 
822 785 
824 172 
771 538 
503 699 
233 684 
917 104 
156 336 
316 765 
116 235 
431 1 
169 263 
955 130 
887 40 
88 345 
467 891 
491 980 
675 314 
151 136 
542 345 
835 466 
28 441 
570 875 
777 576 
639 894 
812 760 
895 981 
714 539 
801 600 
269 889 
945 737 
469 435 
716 835 
439 557 
971 672 
902 495 
137 620 
937 397 
494 713 
974 823 
296 475 
583 190 
145 987 
420 947 
276 689 
835 220 
115 995 
346 521 
829 475 
78 799 
837 670 
984 664 
290 920 
752 474 
323 725 
297 619 
890 880 
500 34 
866 610 
981 141 
298 816 
51 104 
810 87 
625 328 
253 393 
817 780 
63 800 
444 43 
720 195 
517 733 
610 814 
351 499 
383 541 
533 248 
150 514 
79 139 
19 822 
934 519 
599 558 
537 542 
952 353 
322 705 
152 456 
748 562 
651 264 
294 951 
78 336 
449 461 
567 672 
400 718 
876 169 
547 585 
681 480 
103 971 
728 640 
512 369 
993 524 
73 836 
980 821 
397 320 
85 692 
270 854 
718 409 
314 284 
81 404 
692 647 
574 238 
232 945 
408 335 
915 827 
666 427 
195 348 
641 269 
183 621 
780 271 
631 555 
653 902 
408 370 
0 413 
654 772 
817 346 
419 80 
274 651 
25 373 
676 940 
199 31 
56 394 
380 698 
353 253 
8 133 
214 329 
378 867 
230 787 
236 922 
890 581 
693 706 
927 802 
477 200 
452 192 
573 819 
822 462 
850 879 
857 920 
266 900 
864 965 
723 77 
293 101 
945 214 
578 871 
135 467 
451 518 
863 67 
320 339 
959 462 
531 221 
971 43 
684 511 
922 230 
430 878 
129 293 
532 853 
61 515 
644 696 
729 221 
566 554 
688 708 
763 550 
465 773 
580 423 
925 801 
645 896 
844 18 
406 455 
248 526 
22 67 
820 554 
610 571 
69 253 
266 488 
164 522 
733 852 
920 495 
92 385 
267 672 
498 882 
472 833 
777 6 
851 182 
461 789 
709 484 
547 218 
728 156 
789 487 
100 745 
976 264 
266 708 
807 877 
893 899 
261 850 
260 449 
731 422 
282 508 
428 823 
380 890 
302 779 
63 849 
687 481 
4 165 
969 104 
910 944 
59 867 
341 866 
743 924 
764 3 
463 23 
142 193 
445 424 
391 874 
938 462 
453 239 
240 206 
87 618 
687 782 
783 345 
577 693 
288 636 
559 319 
501 301 
933 955 
995 395 
668 136 
279 112 
251 670 
676 879 
822 819 
117 753 
715 895 
370 92 
676 152 
437 943 
845 416 
578 403 
735 769 
394 358 
723 388 
443 390 
215 722 
193 156 
82 559 
34 904 
68 151 
656 783 
736 25 
875 101 
178 312 
44 713 
728 622 
807 152 
81 200 
200 804 
279 644 
885 184 
365 768 
340 447 
326 374 
41 394 
215 697 
868 951 
413 742 
51 281 
744 786 
994 471 
408 800 
314 179 
691 514 
983 970 
157 557 
153 523 
14 493 
660 341 
557 701 
425 772 
88 983 
412 191 
725 153 
472 158 
940 155 
630 347 
956 634 
526 646 
147 198 
305 996 
446 148 
208 460 
641 868 
491 888 
259 607 
659 37 
589 70 
228 313 
223 390 
472 853 
545 792 
199 500 
115 415 
836 262 
304 831 
257 440 
979 465 
900 309 
23 81 
196 973 
688 855 
9 276 
615 928 
280 529 
317 442 
381 862 
924 271 
52 38 
376 578 
991 370 
409 248 
810 77 
403 400 
387 116 
171 583 
88 859 
128 788 
825 743 
405 104 
962 722 
236 33 
274 159 
995 16 
197 60 
284 188 
431 383 
126 931 
461 219 
20 848 
26 191 
430 805 
740 558 
593 565 
992 688 
359 643 
410 596 
676 374 
755 360 
80 643 
421 364 
521 542 
748 647 
472 208 
556 183 
55 272 
374 485 
77 805 
734 360 
369 725 
47 728 
367 147 
323 734 
211 769 
93 291 
411 514 
656 932 
55 93 
268 218 
301 514 
401 46 
787 465 
531 864 
269 955 
223 328 
679 961 
56 737 
108 69 
470 319 
838 563 
301 939 
768 957 
870 823 
740 137 
40 40 
652 441 
86 128 
597 307 
992 866 
262 905 
194 631 
865 941 
367 663 
700 527 
673 228 
781 974 
166 548 
620 36 
370 359 
864 411 
89 205 
542 175 
333 829 
172 14 
695 124 
919 579 
756 474 
209 813 
827 909 
30 499 
136 811 
162 303 
358 782 
29 728 
831 583 
829 920 
789 61 
785 812 
890 958 
827 274 
81 435 
853 527 
599 752 
30 426 
661 60 
615 487 
561 778 
480 919 
249 199 
336 80 
783 165 
1000 261 
917 785 
72 806 
742 589 
80 513 
715 623 
731 313 
375 761 
429 726 
511 44 
903 71 
822 383 
680 70 
582 15 
150 54 
180 841 
315 96 
625 78 
593 56 
357 363 
259 762 
986 990 
766 50 
440 194 
466 641 
238 369 
402 750 
442 81 
821 714 
97 661 
769 968 
501 774 
64 816 
542 347 
562 900 
710 822 
351 695 
501 116 
436 942 
311 902 
272 549 
270 675 
990 712 
756 810 
116 853 
160 885 
821 352 
348 575 
167 891 
612 420 
480 321 
241 831 
706 742 
948 141 
373 258 
734 646 
497 694 
320 486 
96 766 
986 212 
309 837 
787 820 
188 134 
84 45 
24 696 
465 504 
16 396 
25 412 
138 973 
244 201 
921 978 
847 417 
671 857 
594 767 
313 269 
669 622 
105 455 
441 293 
590 525 
29 304 
220 494 
499 927 
891 524 
28 719 
496 272 
920 416 
249 457 
523 611 
3 807 
67 316 
76 737 
628 181 
882 759 
165 471 
283 194 
466 193 
378 965 
810 268 
488 839 
677 984 
110 287 
89 50 
744 302 
351 437 
109 108 
444 185 
535 71 
56 417 
521 221 
578 804 
415 43 
688 794 
7 187 
752 495 
25 429 
168 827 
716 948 
567 149 
250 608 
586 49 
716 720 
234 251 
482 290 
358 2 
202 936 
496 617 
980 874 
100 987 
61 853 
172 777 
972 340 
293 687 
979 860 
526 919 
467 802 
968 874 
522 892 
815 694 
181 172 
696 73 
107 191 
691 86 
65 791 
764 817 
333 936 
593 304 
966 887 
681 634 
436 206 
552 594 
699 519 
467 220 
410 281 
914 282 
453 299 
355 250 
180 736 
27 245 
217 791 
752 550 
416 345 
545 71 
231 225 
706 667 
122 257 
260 821 
467 417 
731 567 
388 334 
849 531 
633 895 
782 813 
630 809 
749 537 
289 500 
87 705 
535 322 
776 456 
237 171 
123 359 
119 73 
870 586 
181 600 
152 569 
624 692 
100 256 
586 572 
760 906 
380 198 
443 669 
698 220 
63 233 
542 529 
689 469 
701 502 
829 510 
266 388 
95 447 
679 938 
706 302 
319 806 
249 905 
377 8 
501 447 
206 944 
806 594 
854 869 
517 85 
398 897 
554 789 
88 72 
298 44 
461 83 
491 830 
711 888 
131 30 
383 70 
625 451 
769 125 
898 665 
759 704 
950 612 
262 466 
697 350 
52 942 
829 141 
13 126 
185 474 
900 367 
303 611 
254 125 
331 327 
886 956 
778 655 
81 366 
319 530 
760 268 
142 21 
425 529 
62 477 
470 891 
308 484 
708 494 
648 607 
551 642 
908 495 
457 929 
822 342 
885 290 
687 656 
656 6 
185 415 
965 17 
126 389 
547 188 
557 707 
79 865 
881 477 
48 219 
83 289 
861 682 
784 7 
610 296 
39 184 
586 727 
840 932 
733 25 
346 387 
42 162 
777 279 
41 23 
677 120 
888 557 
597 937 
776 370 
225 326 
742 700 
23 42 
686 63 
226 271 
790 757 
893 212 
472 929 
599 204 
90 65 
484 131 
88 160 
942 977 
407 228 
603 183 
289 518 
199 30 
908 223 
763 593 
286 990 
554 766 
746 446 
978 217 
374 266 
421 465 
332 595 
286 110 
445 228 
777 853 
146 379 
726 435 
588 615 
466 185 
838 228 
779 814 
908 332 
579 343 
469 246 
250 843 
513 362 
998 535 
647 284 
645 92 
202 422 
635 348 
491 50 
784 769 
355 940 
955 193 
858 423 
697 456 
755 967 
799 223 
903 740 
757 105 
101 754 
640 748 
728 976 
530 930 
87 855 
969 578 
905 442 
37 260 
381 992 
143 929 
414 530 
384 859 
186 874 
773 89 
303 219 
194 404 
973 525 
842 701 
500 372 
320 587 
917 288 
855 822 
730 892 
772 801 
573 605 
730 677 
825 804 
226 11 
367 999 
791 670 
908 985 
764 880 
509 606 
270 699 
668 591 
285 584 
569 140 
95 990 
31 557 
790 605 
852 209 
281 677 
704 507 
378 761 
195 168 
431 102 
843 885 
673 42 
490 633 
741 848 
223 26 
432 483 
857 217 
472 888 
465 261 
182 316 
161 154 
683 865 
351 751 
625 237 
609 746 
29 452 
631 702 
494 811 
335 925 
349 248 
951 471 
421 807 
688 893 
385 152 
845 257 
159 696 
101 842 
560 453 
283 875 
380 892 
311 409 
343 632 
802 527 
132 827 
452 481 
765 92 
952 186 
590 330 
769 665 
172 613 
922 331 
308 23 
864 558 
166 146 
123 546 
37 434 
645 71 
756 446 
288 888 
272 430 
369 728 
523 10 
914 803 
340 682 
467 513 
986 78 
844 984 
101 397 
232 267 
543 45 
503 581 
479 148 
342 925 
284 630 
812 247 
60 871 
975 273 
882 888 
75 221 
259 232 
424 935 
310 268 
609 102 
355 841 
59 899 
576 563 
169 745 
401 511 
669 685 
831 480 
932 581 
351 596 
854 232 
483 619 
143 433 
851 568 
57 852 
526 666 
954 881 
196 12 
469 772 
265 638 
516 666 
839 875 
41 670 
355 663 
250 396 
259 795 
318 432 
413 461 
555 955 
28 613 
806 244 
969 449 
125 856 
151 594 
627 107 
923 834 
773 761 
708 504 
120 753 
167 371 
148 116 
165 466 
548 268 
618 103 
222 336 
716 718 
581 374 
857 396 
229 8 
680 857 
115 602 
380 578 
363 778 
773 483 
531 940 
544 679 
55 399 
836 293 
668 453 
396 580 
789 802 
989 369 
176 845 
455 405 
853 135 
952 658 
737 21 
927 790 
800 699 
964 330 
328 507 
699 73 
597 534 
366 264 
677 763 
534 156 
254 522 
215 430 
367 671 
526 910 
806 477 
258 232 
499 184 
22 989 
