27 26 
55 79 
59 9 
76 13 
18 49 
73 74 
79 76 
4 69 
28 41 
37 91 
88 14 
73 52 
64 25 
51 37 
3 20 
69 97 
12 90 
42 71 
99 17 
85 83 
32 57 
23 11 
99 27 
80 26 
68 83 
83 55 
63 56 
7 26 
81 24 
29 51 
10 99 
13 22 
54 55 
94 19 
73 44 
1 4 
67 24 
82 65 
52 61 
58 86 
9 40 
7 72 
96 81 
64 43 
4 94 
94 82 
58 6 
3 11 
62 97 
30 0 
40 99 
4 73 
22 87 
38 40 
13 96 
26 90 
35 100 
61 98 
80 92 
40 50 
51 100 
31 8 
72 35 
86 100 
98 83 
100 4 
81 71 
77 69 
57 14 
76 36 
76 68 
92 78 
67 19 
75 46 
10 81 
96 61 
46 27 
35 17 
62 20 
17 59 
69 83 
29 15 
53 6 
85 76 
87 26 
79 63 
94 70 
40 60 
89 81 
5 99 
27 0 
25 73 
94 60 
56 55 
47 39 
81 15 
89 76 
31 41 
82 82 
17 69 
