523 711 201 
283 865 829 
967 258 160 
292 627 71 
656 237 1 
697 765 459 
66 392 725 
561 159 683 
336 656 856 
665 292 416 
118 505 126 
9 788 681 
528 444 629 
689 736 255 
450 82 492 
451 779 256 
600 845 339 
324 96 498 
7 432 844 
553 97 826 
969 906 331 
786 605 809 
466 132 253 
95 511 679 
40 961 761 
533 102 229 
789 392 74 
818 717 170 
316 414 292 
850 967 79 
366 625 675 
697 100 970 
195 567 793 
448 352 303 
818 392 955 
268 615 747 
498 94 138 
262 912 855 
122 918 959 
414 768 925 
184 824 240 
549 520 30 
519 715 287 
311 854 639 
614 671 722 
258 629 336 
4 126 430 
143 388 32 
688 510 950 
647 615 407 
261 799 230 
191 347 440 
222 866 846 
509 867 699 
839 481 59 
560 429 688 
586 434 505 
707 577 893 
429 955 403 
378 601 708 
476 553 506 
706 744 543 
146 966 99 
682 475 966 
70 3 136 
129 253 566 
507 529 1000 
11 235 266 
595 354 220 
688 733 822 
395 208 374 
591 604 808 
133 440 774 
232 121 939 
889 191 942 
24 10 885 
590 208 413 
279 910 339 
545 504 693 
456 882 425 
277 276 323 
341 867 618 
148 691 57 
612 613 870 
240 501 60 
181 216 762 
65 496 970 
169 776 879 
508 10 73 
200 466 955 
316 433 922 
639 464 478 
256 303 859 
4 915 472 
874 155 663 
624 26 569 
385 783 65 
354 952 531 
924 459 231 
687 349 388 
331 665 511 
252 995 976 
421 941 278 
279 945 883 
441 818 728 
795 132 445 
363 517 227 
118 872 869 
649 485 17 
571 171 366 
959 502 722 
469 445 716 
134 556 656 
412 835 291 
986 967 799 
403 761 931 
848 814 448 
765 933 9 
633 581 494 
340 151 355 
397 800 857 
118 269 992 
524 403 547 
870 506 72 
160 181 38 
960 584 489 
890 432 302 
27 196 234 
36 520 506 
220 860 347 
575 947 147 
432 64 106 
113 278 509 
661 148 705 
733 308 886 
461 958 470 
950 848 592 
942 875 788 
176 602 998 
372 822 548 
719 397 494 
556 519 249 
662 632 527 
862 983 675 
566 405 984 
142 556 941 
302 195 478 
894 137 43 
371 3 335 
59 375 156 
607 784 243 
100 340 762 
349 1 84 
877 863 757 
241 119 162 
224 952 718 
856 253 914 
23 837 741 
757 898 744 
91 957 809 
939 563 592 
181 354 932 
634 703 624 
718 269 176 
164 511 295 
326 425 937 
735 971 880 
338 995 406 
769 441 304 
512 533 951 
320 161 204 
602 342 248 
534 976 951 
157 383 220 
333 548 421 
319 564 846 
946 989 817 
826 16 501 
231 785 942 
225 987 164 
867 997 325 
70 599 668 
318 132 333 
959 980 407 
869 2 955 
289 11 208 
826 958 888 
642 783 904 
142 704 689 
774 930 365 
939 796 362 
954 556 961 
311 564 783 
645 522 452 
51 81 454 
696 60 156 
594 886 113 
481 527 586 
75 359 289 
454 824 909 
819 452 704 
180 405 950 
140 717 513 
613 51 726 
64 793 497 
209 178 557 
365 772 443 
478 944 660 
754 18 710 
733 472 533 
642 290 985 
345 471 79 
986 301 486 
498 915 537 
914 979 19 
410 187 197 
968 242 660 
100 410 603 
450 163 621 
159 897 783 
382 538 763 
56 573 233 
136 558 225 
622 747 139 
850 660 808 
869 761 686 
66 418 928 
726 518 338 
18 968 501 
329 818 87 
111 199 315 
874 256 889 
798 82 136 
713 394 573 
542 243 924 
349 803 684 
725 869 101 
653 284 309 
991 993 967 
181 321 784 
960 432 984 
274 996 930 
162 483 11 
990 195 405 
562 737 339 
485 777 141 
859 501 700 
650 153 674 
959 834 666 
926 706 987 
399 665 108 
72 939 794 
692 792 277 
703 471 472 
799 32 209 
828 208 986 
659 66 486 
358 717 330 
722 365 854 
387 981 559 
63 380 914 
171 142 853 
965 835 334 
241 227 805 
404 25 527 
303 543 735 
288 201 802 
464 249 518 
484 971 883 
338 47 864 
587 110 934 
501 972 75 
43 937 910 
377 868 137 
872 962 853 
398 264 86 
133 242 287 
935 397 537 
142 881 197 
715 909 245 
268 496 355 
892 997 327 
968 39 954 
567 106 511 
394 978 163 
938 375 427 
23 508 670 
0 132 66 
227 965 637 
425 680 546 
670 638 41 
715 530 728 
732 187 457 
375 754 563 
577 839 230 
740 776 605 
857 799 804 
526 489 626 
282 717 591 
610 141 961 
155 501 598 
887 215 818 
304 638 4 
761 703 759 
13 279 287 
243 709 62 
538 566 551 
31 782 39 
658 755 756 
939 364 587 
899 209 87 
186 95 994 
4 89 631 
8 850 333 
457 863 303 
744 796 11 
496 333 577 
46 365 359 
777 713 113 
532 651 167 
119 239 376 
897 425 161 
890 119 250 
210 819 790 
544 966 652 
847 710 137 
858 896 160 
125 633 525 
484 409 928 
287 631 268 
454 440 507 
830 337 623 
681 226 742 
931 437 250 
720 671 216 
61 207 616 
889 755 511 
48 880 143 
264 53 552 
191 340 874 
460 484 313 
657 313 650 
279 684 567 
712 614 694 
962 23 364 
177 775 261 
793 663 15 
304 712 586 
137 976 639 
380 166 670 
253 316 153 
566 974 157 
907 252 841 
473 964 145 
166 926 168 
220 102 944 
481 586 606 
496 580 317 
81 407 292 
411 787 149 
80 730 465 
924 296 438 
80 893 381 
612 365 344 
757 221 960 
925 441 753 
558 922 338 
164 417 608 
171 189 14 
154 600 802 
303 370 531 
458 293 517 
587 374 409 
968 986 774 
311 432 995 
271 356 125 
23 605 46 
51 459 154 
659 630 343 
673 474 633 
164 467 2 
386 926 295 
903 512 359 
312 479 34 
776 480 466 
461 441 513 
586 154 117 
323 205 266 
477 554 586 
510 918 60 
833 81 217 
835 467 833 
820 60 34 
870 372 513 
904 838 684 
60 989 124 
263 265 279 
70 588 174 
336 755 729 
922 955 646 
672 787 417 
890 311 885 
722 821 945 
757 690 6 
960 284 534 
333 34 213 
458 297 478 
427 367 756 
291 703 200 
19 314 154 
355 987 941 
773 566 942 
347 978 762 
982 424 142 
678 384 116 
211 717 150 
114 865 447 
592 982 504 
37 273 897 
237 983 901 
391 338 577 
21 801 142 
963 838 120 
415 819 544 
247 186 618 
363 87 25 
513 202 580 
650 484 562 
844 522 525 
740 759 507 
640 841 845 
217 862 335 
49 515 172 
860 620 681 
94 867 867 
402 229 955 
427 432 847 
698 81 330 
259 925 852 
784 354 301 
290 684 141 
826 901 693 
160 641 898 
23 500 517 
704 594 383 
261 997 302 
215 113 734 
752 501 505 
81 760 429 
624 233 473 
925 214 157 
756 730 748 
448 580 388 
36 603 889 
553 998 172 
627 258 859 
929 163 663 
353 915 163 
858 996 614 
978 309 537 
450 233 441 
297 679 170 
45 127 441 
433 163 43 
11 406 40 
875 32 989 
423 652 151 
85 4 65 
940 552 61 
243 529 60 
780 670 294 
912 967 973 
81 11 790 
212 135 643 
256 146 49 
987 711 772 
976 134 113 
126 910 808 
883 539 360 
634 782 579 
694 252 248 
988 163 215 
651 935 917 
130 147 51 
774 93 889 
513 79 599 
975 745 423 
88 562 333 
896 444 562 
946 77 344 
525 771 596 
773 449 449 
678 99 383 
595 229 530 
336 693 313 
224 205 83 
514 180 828 
937 959 79 
960 854 523 
522 800 600 
556 14 61 
842 787 510 
290 155 299 
363 440 528 
584 776 912 
897 691 116 
980 204 987 
498 140 945 
577 791 489 
100 312 979 
390 868 993 
141 709 469 
651 689 624 
950 51 63 
168 635 530 
770 532 220 
886 201 424 
563 699 254 
507 276 44 
996 66 356 
974 456 914 
656 598 312 
125 939 691 
439 579 743 
503 437 67 
723 206 289 
943 782 491 
56 344 880 
310 852 155 
355 537 912 
401 201 368 
5 857 656 
7 672 284 
699 111 863 
131 304 299 
889 26 195 
178 969 978 
359 24 321 
238 24 863 
84 69 90 
996 161 291 
53 857 838 
399 864 200 
684 252 311 
236 383 615 
536 272 331 
421 140 299 
398 499 13 
720 427 728 
272 511 798 
362 197 649 
343 941 505 
872 340 368 
71 714 621 
72 950 694 
687 175 966 
17 597 105 
6 995 294 
710 404 722 
437 677 923 
925 729 119 
573 72 60 
77 944 90 
136 705 804 
447 777 753 
140 153 929 
106 861 215 
902 557 209 
196 266 304 
918 393 981 
530 8 709 
650 271 471 
400 39 104 
490 175 809 
984 622 275 
736 452 428 
354 558 979 
569 150 535 
469 346 491 
773 954 575 
443 483 273 
842 823 544 
313 222 583 
417 402 448 
917 385 69 
191 812 522 
310 856 770 
979 115 610 
204 274 956 
385 46 599 
960 179 773 
232 20 595 
467 23 508 
49 131 910 
498 47 986 
257 929 487 
469 929 342 
930 598 147 
539 802 421 
185 186 157 
784 837 336 
246 759 47 
842 225 70 
349 966 892 
949 153 629 
624 410 558 
110 570 176 
143 189 774 
290 728 265 
712 603 142 
559 77 979 
896 323 427 
633 164 343 
393 203 308 
285 843 461 
914 466 561 
161 267 130 
338 410 319 
802 390 738 
758 792 340 
900 351 107 
568 937 431 
685 259 285 
27 652 489 
335 937 331 
486 541 487 
47 702 754 
868 730 854 
878 222 935 
615 670 416 
645 569 457 
753 827 83 
874 511 342 
158 229 995 
337 564 621 
358 50 852 
846 788 244 
289 655 974 
834 532 886 
458 837 555 
874 172 814 
331 615 330 
104 178 842 
447 336 70 
131 674 324 
442 722 64 
294 567 852 
538 547 197 
201 70 419 
778 528 947 
332 401 809 
837 422 423 
166 527 291 
698 664 627 
458 795 991 
783 236 403 
537 530 970 
389 758 206 
276 650 276 
695 427 804 
641 449 896 
139 285 317 
252 452 534 
543 149 197 
861 298 992 
851 771 919 
253 307 138 
914 386 897 
810 662 546 
86 47 663 
580 378 111 
475 518 397 
483 770 539 
16 313 688 
905 173 676 
586 714 446 
504 658 754 
643 261 139 
229 70 492 
465 847 539 
127 427 917 
238 902 434 
325 74 895 
864 782 207 
242 686 70 
918 962 474 
364 466 131 
808 799 82 
947 718 153 
128 182 690 
667 1000 116 
584 928 709 
708 253 783 
602 807 254 
499 48 630 
569 967 592 
43 20 748 
865 828 546 
948 464 954 
791 593 826 
480 259 825 
287 533 752 
686 932 695 
158 223 502 
413 723 550 
42 982 206 
634 715 917 
71 580 744 
307 217 899 
260 698 491 
85 177 440 
910 154 664 
352 840 595 
737 999 818 
238 101 230 
479 143 212 
685 468 617 
602 539 887 
35 847 103 
934 797 491 
114 883 669 
555 482 513 
218 834 353 
503 571 41 
10 499 142 
241 978 976 
143 353 443 
760 645 673 
337 680 209 
130 304 5 
622 418 888 
981 663 370 
493 881 894 
536 73 154 
577 84 654 
409 325 321 
385 158 674 
518 608 318 
881 945 689 
89 75 683 
95 697 100 
673 677 454 
733 860 24 
627 396 98 
471 663 182 
124 763 197 
446 147 355 
810 355 653 
819 236 598 
507 15 363 
880 110 59 
980 474 426 
433 206 285 
148 833 371 
246 304 34 
118 118 797 
315 254 634 
360 64 679 
12 883 605 
300 79 621 
663 959 421 
722 628 895 
838 752 101 
814 900 624 
184 145 928 
909 263 737 
395 268 991 
719 628 54 
398 330 627 
693 631 396 
313 293 354 
735 706 983 
319 543 424 
420 46 323 
44 231 158 
662 830 111 
398 225 69 
389 634 697 
133 722 717 
451 415 347 
847 418 331 
201 152 36 
874 472 269 
988 582 316 
0 626 237 
158 979 66 
960 376 982 
28 455 616 
415 279 337 
131 730 752 
169 266 170 
500 157 12 
226 721 174 
185 708 757 
501 708 72 
738 556 50 
495 205 117 
476 233 262 
91 338 541 
119 470 961 
561 329 918 
731 519 74 
434 435 796 
298 620 193 
745 121 592 
818 549 838 
558 734 43 
365 210 967 
318 992 305 
859 110 465 
510 672 794 
117 92 2 
191 216 437 
677 515 56 
561 259 868 
152 767 107 
680 15 841 
723 70 50 
690 388 733 
995 938 843 
459 137 204 
943 254 988 
635 445 894 
71 813 408 
818 373 358 
686 215 124 
793 895 830 
323 308 901 
374 998 288 
797 682 916 
329 831 52 
534 463 306 
211 97 442 
104 168 254 
203 676 317 
561 361 532 
375 844 116 
205 858 424 
796 231 111 
774 718 793 
690 46 313 
742 580 776 
739 481 563 
180 276 421 
434 479 97 
441 39 148 
663 414 683 
779 309 540 
894 795 461 
4 569 178 
488 949 224 
491 380 495 
267 118 976 
520 298 942 
942 422 420 
38 863 459 
186 525 564 
559 995 563 
98 888 358 
559 582 617 
427 69 255 
652 251 635 
146 208 754 
812 728 51 
754 669 474 
864 397 26 
13 274 552 
267 833 546 
830 932 123 
878 180 705 
184 298 465 
439 950 716 
74 786 924 
518 287 651 
259 731 10 
423 595 407 
450 298 681 
692 565 514 
928 84 135 
50 963 5 
445 837 303 
910 276 943 
315 40 728 
238 558 706 
580 507 126 
280 931 411 
687 380 709 
368 71 273 
572 999 358 
707 739 10 
402 183 847 
706 93 813 
648 98 543 
66 27 791 
462 607 298 
588 887 228 
1000 263 298 
398 631 59 
362 893 748 
720 289 486 
420 692 359 
957 397 142 
460 735 241 
2 491 268 
794 643 565 
782 922 141 
700 611 404 
998 8 726 
56 370 618 
494 780 908 
980 199 289 
338 847 376 
481 306 801 
412 308 292 
680 792 625 
244 573 546 
75 963 156 
479 960 165 
895 706 225 
203 890 5 
801 869 895 
89 898 741 
465 68 46 
265 480 45 
247 850 837 
873 784 100 
108 859 753 
265 27 713 
120 613 108 
345 816 999 
40 306 557 
936 395 144 
366 550 903 
103 505 72 
148 443 922 
675 5 705 
465 113 253 
218 68 972 
621 188 584 
729 224 89 
417 955 395 
665 890 480 
809 947 720 
402 49 915 
474 197 357 
396 562 52 
791 27 857 
735 245 615 
706 866 804 
289 284 718 
68 392 672 
463 56 252 
633 555 889 
352 957 938 
266 431 825 
314 517 386 
56 307 103 
913 732 38 
528 437 904 
21 416 879 
429 484 961 
100 637 707 
42 269 261 
931 311 909 
558 578 29 
382 582 546 
459 638 543 
562 551 275 
601 769 402 
194 790 819 
763 218 993 
723 8 320 
429 742 589 
381 362 901 
289 921 168 
318 302 750 
554 761 77 
787 13 628 
752 304 86 
154 498 566 
663 261 784 
345 674 483 
665 103 915 
254 484 276 
845 463 196 
703 471 189 
142 24 640 
219 501 653 
538 253 957 
624 97 455 
190 760 406 
664 104 79 
837 770 873 
751 714 356 
718 248 819 
914 641 289 
102 783 3 
433 692 195 
85 229 448 
733 544 545 
