98 56 4 
41 81 99 
62 8 48 
98 23 37 
26 28 15 
6 55 91 
23 62 40 
30 16 36 
74 8 43 
81 92 99 
93 56 20 
97 63 67 
96 24 75 
9 89 65 
46 81 93 
27 87 13 
18 9 42 
24 5 58 
61 45 33 
70 92 91 
68 85 46 
88 81 76 
20 42 100 
96 51 54 
26 64 0 
85 91 87 
64 75 63 
5 100 34 
64 26 80 
63 96 71 
53 64 55 
66 17 2 
41 38 44 
6 100 62 
61 25 25 
27 76 15 
81 39 91 
43 45 56 
77 75 82 
22 3 77 
94 56 6 
14 88 24 
16 28 28 
61 1 27 
22 28 18 
13 55 60 
28 35 99 
85 44 9 
40 88 50 
21 9 53 
65 2 76 
71 84 63 
61 100 58 
89 26 25 
82 14 53 
66 27 74 
25 56 9 
24 6 19 
100 47 6 
50 34 16 
69 99 85 
44 70 68 
74 97 68 
98 86 94 
89 33 8 
41 100 1 
81 24 57 
56 14 30 
76 14 77 
82 30 77 
64 65 76 
49 76 11 
16 49 7 
50 12 59 
10 0 93 
85 7 58 
86 88 82 
9 10 63 
39 86 77 
82 67 73 
58 98 37 
100 46 12 
77 28 27 
51 45 5 
9 55 72 
68 5 45 
25 91 33 
74 66 9 
36 71 95 
79 18 27 
51 43 24 
88 42 70 
67 86 65 
94 36 9 
66 11 64 
37 80 35 
83 71 92 
82 44 58 
91 80 95 
85 58 13 
